129 1
3
62
66
69
98
99
119
189
202
248
252
267
302
351
363
394
405
451
459
463
473
544
632
686
726
737
740
761
790
798
845
887
914
919
963
972
978
1053
1123
1127
1137
1224
1262
1270
1284
1298
1306
1322
1335
1374
1387
1395
1437
1438
1443
1481
1495
1513
1514
1569
1580
1644
1645
1672
1687
1701
1740
1764
1775
1811
1812
1863
1912
1913
1975
2036
2039
2068
2085
2108
2244
2289
2290
2323
2462
2465
2467
2474
2485
2507
2515
2584
2615
2619
2651
2680
2705
2715
2717
2718
2719
2746
2970
3059
3140
3145
3147
3181
3306
3416
3543
3567
3766
3768
3777
3794
3818
3825
3826
3845
3854
3874
3936
3937
4021
4028
4029
4094
4097
