2048
4
5
10
12
2062
18
24
26
2076
2088
41
47
48
2098
53
55
56
57
58
59
60
61
62
2111
66
70
71
73
75
2151
2153
2155
111
118
2167
122
2171
125
2175
2176
2181
2183
2184
2413
2193
149
153
2074
2213
2417
2223
2224
240
241
2295
254
2305
258
2309
2315
269
2319
278
2328
2329
2331
288
290
292
2341
295
2347
303
310
2369
2371
2375
2381
2104
2106
354
2403
2405
2406
2410
2411
2412
365
2414
2415
2416
369
2418
2419
2420
2421
2422
2423
2424
2425
2426
2428
2429
2430
2431
2433
2438
2443
2444
2445
2446
401
2455
2460
2461
2462
2463
2464
2465
2466
2467
426
2475
430
2479
2482
2485
442
446
2497
2501
2503
2504
472
480
486
487
488
489
2474
534
434
588
596
613
621
625
629
638
648
650
654
658
698
2170
790
793
794
797
798
800
806
815
837
925
948
952
953
954
955
957
958
959
961
962
965
966
967
972
975
976
977
978
980
982
983
985
986
988
989
990
991
992
993
995
996
998
999
1000
1001
1003
1005
1008
1009
1010
1027
1033
1037
1038
1039
1041
1043
1044
1045
1047
1049
1051
1055
1056
1057
1059
1061
1092
1093
1098
1112
1113
1159
1161
1173
1175
1178
1183
1189
1191
1194
1196
1205
1206
1215
1217
1222
1224
1234
1241
1243
1245
1248
1250
1261
1266
1270
1272
1274
1275
1277
1279
1284
1286
1289
1294
1296
1300
1313
1316
1319
1330
1331
1333
1343
1344
1347
1348
1359
1367
1368
1384
1387
1390
1393
1399
1405
1416
1417
1427
1433
1446
1459
1477
1479
1481
1482
1484
1492
1493
1495
1501
1507
1509
1512
1513
1516
1531
1543
1566
1577
1591
1601
1621
1622
1625
1633
1637
1649
1653
1682
1691
1694
1720
1725
1763
1764
1771
1776
1784
1790
299
1805
1806
1818
1820
1824
1825
1827
1829
1861
1862
1867
1869
1873
1875
1876
1881
2109
1907
1915
1919
1922
1923
1927
1931
1943
1946
1951
1952
1958
1959
333
2008
2013
2016
2018
2034
2035
2036
