118 1
120
260
713
777
778
798
874
893
894
895
896
897
898
899
901
905
925
940
942
967
969
970
1001
1003
1005
1080
1083
1178
1181
1182
1216
1334
1336
1338
1339
1391
1404
1474
1516
1531
1554
1639
1641
1646
1656
1711
1732
1739
1741
1799
1894
1900
1902
2056
2272
2336
2337
2348
2357
2369
2370
2374
2407
2417
2420
2455
2457
2460
2462
2466
2540
2638
2733
2770
2917
2918
2983
3003
3004
3009
3029
3162
3183
3185
3187
3189
3218
3223
3274
3327
3371
3396
3401
3437
3626
3629
3686
3850
3927
3929
3938
4153
4154
4315
4331
4332
4422
4725
4890
4977
5224
6119
6302
6455
6999
7028
7679
8130
