66 1
   1.33726
   1.16736
   1.31303
   2.17463
   0.00000
   0.00000
   1.87224
   1.24895
   0.76338
   1.00932
   0.00000
   0.00000
   1.95035
   0.00000
   0.00000
   0.00000
   1.77622
   2.23393
   0.00000
   2.03996
   0.00000
   0.00000
   0.00000
   1.85996
   0.00000
   0.00000
   3.04853
   0.96645
   2.78322
   0.00000
   1.21561
   0.65868
   0.00000
   2.06298
   0.00000
   1.64147
   0.00000
   0.00000
   2.49007
   0.00000
   0.00000
   1.82601
   0.00000
   0.00000
   2.35641
   1.61387
   0.72690
   0.00000
   0.00000
   0.00000
   0.00000
   2.77094
   0.88947
   1.71486
   0.00000
   0.00000
   2.29317
   0.00000
   0.77412
   0.89603
   0.92242
   1.11119
   0.83488
   0.91327
   0.00000
   1.38710
