184 1
0
1
2
-1
-1
3
4
-1
-1
-1
5
6
-1
-1
-1
7
-1
-1
8
-1
-1
-1
-1
9
10
11
-1
-1
-1
12
-1
-1
13
-1
-1
-1
-1
14
-1
-1
-1
15
-1
-1
-1
-1
-1
-1
-1
-1
-1
16
17
-1
-1
-1
-1
-1
-1
-1
-1
18
-1
19
20
-1
-1
-1
-1
-1
21
22
23
24
25
26
27
28
-1
29
-1
30
-1
31
32
-1
-1
33
34
-1
-1
35
36
-1
-1
37
-1
-1
-1
38
39
-1
-1
40
41
-1
-1
42
-1
-1
-1
43
-1
-1
-1
44
45
46
-1
-1
-1
-1
47
-1
-1
-1
-1
48
-1
49
-1
-1
-1
-1
-1
-1
-1
50
51
52
53
-1
-1
-1
-1
54
55
-1
-1
-1
-1
-1
-1
-1
-1
-1
56
-1
-1
-1
-1
-1
57
-1
58
59
-1
-1
-1
60
-1
-1
61
-1
62
63
-1
-1
-1
-1
-1
-1
-1
64
