65 7
   0.00000    0.00301    0.01485    0.00330    0.01531    0.00966    0.00571
   0.00000    0.01261    0.01545    0.00060    0.02181    0.00956    0.02578
   0.00007    0.00265    0.01024    0.00313    0.00555    0.00375    0.00131
   0.00000    0.00027    0.00111    0.00251    0.00322    0.00375    0.00488
   0.00676    0.03322    0.01260    0.00000    0.03584    0.01085    0.04043
   0.06602    0.04827    0.07899    0.02731    0.06434    0.06006    0.01609
   0.00000    0.02685    0.01695    0.00000    0.04171    0.01462    0.03845
   0.04239    0.00000    0.13894    0.07480    0.04405    0.07355    0.00806
   0.00031    0.00000    0.00216    0.00143    0.00175    0.00199    0.00010
   0.01609    0.00000    0.00195    0.00999    0.82727    0.00000    0.00000
   0.84305    0.00000    0.00000    0.02866    0.00000    0.00189    0.00000
   0.00000    0.83692    0.00000    0.07372    0.00000    0.00000    0.00000
   0.00038    0.00000    0.00028    0.00000    0.00000    0.00089    0.00000
   0.02147    0.02418    0.02631    0.02847    0.02491    0.02534    0.02466
   0.00000    0.00619    0.03432    0.01758    0.03631    0.01610    0.01642
   0.06880    0.00000    0.00000    0.09475    0.00000    0.00000    0.72664
   0.01543    0.21467    0.00000    0.00457    0.06388    0.14396    0.29939
   0.06843    0.08919    0.06950    0.07773    0.06298    0.01594    0.01226
   0.02923    0.00600    0.00608    0.02324    0.00115    0.01046    0.01972
   0.00986    0.01322    0.00400    0.00564    0.00000    0.02278    0.01153
   0.19409    0.04457    0.01755    0.23043    0.04878    0.00120    0.10155
   0.05285    0.02675    0.05886    0.03701    0.01067    0.11793    0.05246
   0.03008    0.05145    0.06793    0.05680    0.06038    0.05594    0.05077
   0.03192    0.04108    0.03200    0.00000    0.00000    0.16136    0.22648
   0.06506    0.03865    0.00722    0.05026    0.02456    0.00000    0.02154
   0.00693    0.00000    0.00678    0.00590    0.00000    0.00416    0.00156
   0.02811    0.10502    0.00176    0.02808    0.00000    0.10618    0.02883
   0.00000    0.01351    0.19278    0.00000    0.10749    0.26434    0.21830
   0.03363    0.09322    0.06676    0.25573    0.02016    0.04890    0.05372
   0.02175    0.03837    0.05978    0.03482    0.05046    0.04170    0.02606
   0.15571    0.12673    0.08482    0.15401    0.11168    0.00000    0.00000
   0.00000    0.00600    0.00328    0.00328    0.00481    0.00028    0.00051
   0.00000    0.00588    0.03235    0.00174    0.01690    0.01450    0.01909
   0.00000    0.02100    0.13687    0.01006    0.04947    0.13982    0.13694
   0.00000    0.00000    0.00000    0.00000    0.42424    0.23460    0.19289
   0.02947    0.00000    0.20960    0.10202    0.04251    0.13748    0.03966
   0.00000    0.00502    0.06717    0.05424    0.07064    0.07907    0.06602
   0.02564    0.00000    0.00000    0.04068    0.00000    0.33361    0.12233
   0.07810    0.04419    0.02620    0.02178    0.02773    0.03366    0.03994
   0.00000    0.08845    0.04947    0.02816    0.00000    0.09568    0.06657
   0.06047    0.03108    0.01593    0.07039    0.00000    0.03460    0.00367
   0.03148    0.02144    0.01314    0.02163    0.00000    0.00913    0.01501
   0.00000    0.00000    0.06079    0.04574    0.02749    0.05775    0.06285
   0.04747    0.03592    0.02645    0.04606    0.00000    0.03970    0.03268
   0.35772    0.31649    0.00000    0.00000    0.04213    0.04935    0.00000
   0.00000    0.00000    0.00000    0.82194    0.00000    0.01299    0.00000
   0.00428    0.03683    0.04149    0.09456    0.01118    0.03371    0.02879
   0.00131    0.00485    0.01938    0.00463    0.01607    0.01304    0.00748
   0.00000    0.07957    0.04175    0.05642    0.00000    0.13658    0.03541
   0.00055    0.00034    0.00120    0.00067    0.00044    0.00093    0.00065
   0.11749    0.10801    0.00000    0.16682    0.20282    0.00000    0.14478
   0.13813    0.00000    0.82717    0.00000    0.00000    0.00000    0.00000
   0.00013    0.00107    0.00822    0.00229    0.00565    0.00446    0.00077
   0.00000    0.15100    0.25386    0.20223    0.01929    0.07988    0.01053
   0.01245    0.01379    0.04628    0.00136    0.04065    0.03529    0.04060
   0.01337    0.00000    0.00000    0.00081    0.00207    0.00898    0.00563
   0.00000    0.00000    0.24681    0.00000    0.00000    0.25612    0.35229
   0.00000    0.00236    0.00059    0.00000    0.00000    0.00339    0.00085
   0.02785    0.02072    0.00125    0.03212    0.00344    0.02735    0.02520
   0.04558    0.14242    0.10538    0.02373    0.00000    0.07223    0.10904
   0.02507    0.06502    0.01804    0.12458    0.03336    0.14873    0.00000
   0.05095    0.00000    0.00000    0.01017    0.11939    0.69606    0.00000
   0.05240    0.08164    0.03465    0.05417    0.03689    0.05773    0.06428
   0.11738    0.08500    0.01822    0.12804    0.09438    0.00000    0.05500
   0.00988    0.00000    0.00067    0.01150    0.00041    0.00164    0.00445
