90 5
   0.00513    0.00000    0.00000    0.00089    0.07107
  -0.00202    0.00000    0.00000   -0.00035   -0.02809
   0.00037    0.00000    0.00000    0.00006    0.00517
   0.07576    0.02889    0.00000    0.59616    0.01209
  -0.02982    0.04979    0.00000    0.15978    0.00602
   0.02430    0.08182    0.00000   -0.03812   -0.00213
   0.02732    0.28532    0.00000    0.10606    0.00466
  -0.02791   -0.04389    0.00000    0.02325    0.00036
  -0.00117   -0.07657    0.00000   -0.03235   -0.00129
   0.16377    0.00859    0.10534    0.65728    0.00000
  -0.06453    0.09973   -0.04953   -0.26641    0.00000
  -0.01274   -0.08578   -0.02859   -0.00585    0.00000
   0.21198    0.49086    0.10445    0.28654    0.00000
  -0.02181   -0.12492   -0.01523   -0.07278    0.00000
   0.02359    0.08251    0.03422    0.11961    0.00000
   0.00000    0.00000    0.05677    0.00000    0.10012
   0.00000    0.00000   -0.02678    0.00000   -0.04733
   0.00000    0.00000   -0.00744    0.00000   -0.01695
   0.28965    0.00000    0.38177    0.00309    0.11956
  -0.15489    0.00000   -0.11763   -0.00226   -0.05974
  -0.01664    0.00000   -0.01732   -0.00037   -0.02734
   0.00000    0.00038    0.15269    0.00033    0.16296
   0.00000   -0.00072   -0.03299   -0.00104    0.06433
   0.00000    0.00012    0.05217   -0.00007    0.04612
   0.00000    0.00000    0.00031    0.00000    0.10043
   0.00000    0.00000   -0.00142    0.00000   -0.02897
   0.00000    0.00000   -0.00086    0.00000    0.04043
   0.06652    0.00000    0.28955    0.00190    0.13069
  -0.00391    0.00000   -0.02332   -0.00058   -0.02567
   0.01070    0.00000   -0.02900    0.00059   -0.01973
   0.19041    0.20235    0.05370    0.00000    0.00000
   0.00022    0.02572   -0.01783    0.00000    0.00000
  -0.05826   -0.04674   -0.02392    0.00000    0.00000
   0.15513    0.33851    0.12836    0.00000    0.00000
   0.04548   -0.16466    0.03553    0.00000    0.00000
  -0.01493   -0.04468   -0.04211    0.00000    0.00000
   0.53311    0.00000    0.33241    0.00173    0.21510
  -0.23263    0.00000    0.03723   -0.00088    0.11149
   0.06116    0.00000    0.05670    0.00080   -0.00114
   0.00000    0.00161    0.26365    0.00115    0.04018
   0.00000   -0.00096   -0.07459   -0.00092    0.04716
   0.00000   -0.00044   -0.09887   -0.00002   -0.03570
   0.00599    0.00000    0.00000    0.00105    0.12871
  -0.00281    0.00000    0.00000   -0.00049   -0.06154
   0.00101    0.00000    0.00000    0.00018    0.01636
   0.00000    0.00000    0.07577    0.00000    0.47074
   0.00000    0.00000   -0.03650    0.00000   -0.16699
   0.00000    0.00000    0.00516    0.00000   -0.05009
   0.00000    0.00000    0.37926    0.00225    0.19488
   0.00000    0.00000   -0.17112   -0.00159    0.09481
   0.00000    0.00000    0.04894   -0.00001    0.00542
   0.00000    0.08272    0.00072    0.00000    0.00000
   0.00000    0.01457    0.00005    0.00000    0.00000
   0.00000   -0.02129   -0.00019    0.00000    0.00000
   0.00000    0.00000    0.01901    0.00027    0.00000
   0.00000    0.00000   -0.00855   -0.00012    0.00000
   0.00000    0.00000   -0.00416   -0.00006    0.00000
   0.00000    0.00048    0.14448    0.00000    0.11011
   0.00000   -0.00082   -0.07928    0.00000    0.03827
   0.00000    0.00004    0.02867    0.00000    0.04391
   0.00945    0.00000    0.00000    0.00165    0.17630
  -0.00450    0.00000    0.00000   -0.00079   -0.08283
   0.00136    0.00000    0.00000    0.00024    0.02864
   0.33173    0.00000    0.20490    0.00000    0.11044
  -0.02573    0.00000    0.01065    0.00000   -0.07430
   0.02019    0.00000   -0.02551    0.00000    0.02936
   0.31290    0.61602    0.36030    0.00000    0.00000
   0.04494   -0.15473    0.09703    0.00000    0.00000
   0.03081    0.09251    0.08141    0.00000    0.00000
   0.00000    0.00000    0.04112    0.00000    0.47663
   0.00000    0.00000   -0.03375    0.00000   -0.18746
   0.00000    0.00000    0.00788    0.00000   -0.03495
   0.11622    0.08610    0.00366    0.00000    0.01021
  -0.01410   -0.03923    0.00965    0.00000   -0.00006
   0.00509    0.01801   -0.00163    0.00000   -0.00135
   0.00000    0.01829    0.00018    0.00000    0.00000
   0.00000   -0.00613   -0.00006    0.00000    0.00000
   0.00000    0.00677    0.00007    0.00000    0.00000
   0.00000    0.00024    0.11511    0.00000    0.00000
   0.00000   -0.00010   -0.03841    0.00000    0.00000
   0.00000    0.00007    0.04249    0.00000    0.00000
   0.39014    0.05657    0.21181    0.00000    0.00000
  -0.10665   -0.01202   -0.09021    0.00000    0.00000
   0.05955    0.00590    0.04081    0.00000    0.00000
   0.00875    0.00000    0.00000    0.00152    0.14549
  -0.00115    0.00000    0.00000   -0.00020   -0.01967
  -0.00067    0.00000    0.00000   -0.00012   -0.01017
   0.01400    0.00000    0.00000    0.00248    0.36795
  -0.00476    0.00000    0.00000   -0.00085   -0.13176
   0.00339    0.00000    0.00000    0.00059    0.07009
