0 1 5 4 16 17 21 20
1 2 6 5 17 18 22 21
2 3 7 6 18 19 23 22
4 5 9 8 20 21 25 24
5 6 10 9 21 22 26 25
6 7 11 10 22 23 27 26
8 9 13 12 24 25 29 28
9 10 14 13 25 26 30 29
10 11 15 14 26 27 31 30
16 17 21 20 32 33 37 36
17 18 22 21 33 34 38 37
18 19 23 22 34 35 39 38
20 21 25 24 36 37 41 40
21 22 26 25 37 38 42 41
22 23 27 26 38 39 43 42
24 25 29 28 40 41 45 44
25 26 30 29 41 42 46 45
26 27 31 30 42 43 47 46
32 33 37 36 48 49 53 52
33 34 38 37 49 50 54 53
34 35 39 38 50 51 55 54
36 37 41 40 52 53 57 56
37 38 42 41 53 54 58 57
38 39 43 42 54 55 59 58
40 41 45 44 56 57 61 60
41 42 46 45 57 58 62 61
42 43 47 46 58 59 63 62
48 49 53 52 64 65 69 68
49 50 54 53 65 66 70 69
50 51 55 54 66 67 71 70
52 53 57 56 68 69 73 72
53 54 58 57 69 70 74 73
54 55 59 58 70 71 75 74
56 57 61 60 72 73 77 76
57 58 62 61 73 74 78 77
58 59 63 62 74 75 79 78
64 65 69 68 80 81 85 84
65 66 70 69 81 82 86 85
66 67 71 70 82 83 87 86
68 69 73 72 84 85 89 88
69 70 74 73 85 86 90 89
70 71 75 74 86 87 91 90
72 73 77 76 88 89 93 92
73 74 78 77 89 90 94 93
74 75 79 78 90 91 95 94
80 81 85 84 96 97 101 100
81 82 86 85 97 98 102 101
82 83 87 86 98 99 103 102
84 85 89 88 100 101 105 104
85 86 90 89 101 102 106 105
86 87 91 90 102 103 107 106
88 89 93 92 104 105 109 108
89 90 94 93 105 106 110 109
90 91 95 94 106 107 111 110
96 97 101 100 112 113 117 116
97 98 102 101 113 114 118 117
98 99 103 102 114 115 119 118
100 101 105 104 116 117 121 120
101 102 106 105 117 118 122 121
102 103 107 106 118 119 123 122
104 105 109 108 120 121 125 124
105 106 110 109 121 122 126 125
106 107 111 110 122 123 127 126
112 113 117 116 128 129 133 132
113 114 118 117 129 130 134 133
114 115 119 118 130 131 135 134
116 117 121 120 132 133 137 136
117 118 122 121 133 134 138 137
118 119 123 122 134 135 139 138
120 121 125 124 136 137 141 140
121 122 126 125 137 138 142 141
122 123 127 126 138 139 143 142
128 129 133 132 144 145 149 148
129 130 134 133 145 146 150 149
130 131 135 134 146 147 151 150
132 133 137 136 148 149 153 152
133 134 138 137 149 150 154 153
134 135 139 138 150 151 155 154
136 137 141 140 152 153 157 156
137 138 142 141 153 154 158 157
138 139 143 142 154 155 159 158
144 145 149 148 160 161 165 164
145 146 150 149 161 162 166 165
146 147 151 150 162 163 167 166
148 149 153 152 164 165 169 168
149 150 154 153 165 166 170 169
150 151 155 154 166 167 171 170
152 153 157 156 168 169 173 172
153 154 158 157 169 170 174 173
154 155 159 158 170 171 175 174
160 161 165 164 176 177 181 180
161 162 166 165 177 178 182 181
162 163 167 166 178 179 183 182
164 165 169 168 180 181 185 184
165 166 170 169 181 182 186 185
166 167 171 170 182 183 187 186
168 169 173 172 184 185 189 188
169 170 174 173 185 186 190 189
170 171 175 174 186 187 191 190
176 177 181 180 192 193 197 196
177 178 182 181 193 194 198 197
178 179 183 182 194 195 199 198
180 181 185 184 196 197 201 200
181 182 186 185 197 198 202 201
182 183 187 186 198 199 203 202
184 185 189 188 200 201 205 204
185 186 190 189 201 202 206 205
186 187 191 190 202 203 207 206
192 193 197 196 208 209 213 212
193 194 198 197 209 210 214 213
194 195 199 198 210 211 215 214
196 197 201 200 212 213 217 216
197 198 202 201 213 214 218 217
198 199 203 202 214 215 219 218
200 201 205 204 216 217 221 220
201 202 206 205 217 218 222 221
202 203 207 206 218 219 223 222
208 209 213 212 224 225 229 228
209 210 214 213 225 226 230 229
210 211 215 214 226 227 231 230
212 213 217 216 228 229 233 232
213 214 218 217 229 230 234 233
214 215 219 218 230 231 235 234
216 217 221 220 232 233 237 236
217 218 222 221 233 234 238 237
218 219 223 222 234 235 239 238
224 225 229 228 240 241 245 244
225 226 230 229 241 242 246 245
226 227 231 230 242 243 247 246
228 229 233 232 244 245 249 248
229 230 234 233 245 246 250 249
230 231 235 234 246 247 251 250
232 233 237 236 248 249 253 252
233 234 238 237 249 250 254 253
234 235 239 238 250 251 255 254
240 241 245 244 256 257 261 260
241 242 246 245 257 258 262 261
242 243 247 246 258 259 263 262
244 245 249 248 260 261 265 264
245 246 250 249 261 262 266 265
246 247 251 250 262 263 267 266
248 249 253 252 264 265 269 268
249 250 254 253 265 266 270 269
250 251 255 254 266 267 271 270
256 257 261 260 272 273 277 276
257 258 262 261 273 274 278 277
258 259 263 262 274 275 279 278
260 261 265 264 276 277 281 280
261 262 266 265 277 278 282 281
262 263 267 266 278 279 283 282
264 265 269 268 280 281 285 284
265 266 270 269 281 282 286 285
266 267 271 270 282 283 287 286
272 273 277 276 288 289 293 292
273 274 278 277 289 290 294 293
274 275 279 278 290 291 295 294
276 277 281 280 292 293 297 296
277 278 282 281 293 294 298 297
278 279 283 282 294 295 299 298
280 281 285 284 296 297 301 300
281 282 286 285 297 298 302 301
282 283 287 286 298 299 303 302
288 289 293 292 304 305 309 308
289 290 294 293 305 306 310 309
290 291 295 294 306 307 311 310
292 293 297 296 308 309 313 312
293 294 298 297 309 310 314 313
294 295 299 298 310 311 315 314
296 297 301 300 312 313 317 316
297 298 302 301 313 314 318 317
298 299 303 302 314 315 319 318
0 1 5 4 16 17 21 20
1 2 6 5 17 18 22 21
2 3 7 6 18 19 23 22
4 5 9 8 20 21 25 24
5 6 10 9 21 22 26 25
6 7 11 10 22 23 27 26
8 9 13 12 24 25 29 28
9 10 14 13 25 26 30 29
10 11 15 14 26 27 31 30
16 17 21 20 32 33 37 36
17 18 22 21 33 34 38 37
18 19 23 22 34 35 39 38
20 21 25 24 36 37 41 40
21 22 26 25 37 38 42 41
22 23 27 26 38 39 43 42
24 25 29 28 40 41 45 44
25 26 30 29 41 42 46 45
26 27 31 30 42 43 47 46
32 33 37 36 48 49 53 52
33 34 38 37 49 50 54 53
34 35 39 38 50 51 55 54
36 37 41 40 52 53 57 56
37 38 42 41 53 54 58 57
38 39 43 42 54 55 59 58
40 41 45 44 56 57 61 60
41 42 46 45 57 58 62 61
42 43 47 46 58 59 63 62
48 49 53 52 64 65 69 68
49 50 54 53 65 66 70 69
50 51 55 54 66 67 71 70
52 53 57 56 68 69 73 72
53 54 58 57 69 70 74 73
54 55 59 58 70 71 75 74
56 57 61 60 72 73 77 76
57 58 62 61 73 74 78 77
58 59 63 62 74 75 79 78
64 65 69 68 80 81 85 84
65 66 70 69 81 82 86 85
66 67 71 70 82 83 87 86
68 69 73 72 84 85 89 88
69 70 74 73 85 86 90 89
70 71 75 74 86 87 91 90
72 73 77 76 88 89 93 92
73 74 78 77 89 90 94 93
74 75 79 78 90 91 95 94
80 81 85 84 96 97 101 100
81 82 86 85 97 98 102 101
82 83 87 86 98 99 103 102
84 85 89 88 100 101 105 104
85 86 90 89 101 102 106 105
86 87 91 90 102 103 107 106
88 89 93 92 104 105 109 108
89 90 94 93 105 106 110 109
90 91 95 94 106 107 111 110
96 97 101 100 112 113 117 116
97 98 102 101 113 114 118 117
98 99 103 102 114 115 119 118
100 101 105 104 116 117 121 120
101 102 106 105 117 118 122 121
102 103 107 106 118 119 123 122
104 105 109 108 120 121 125 124
105 106 110 109 121 122 126 125
106 107 111 110 122 123 127 126
112 113 117 116 128 129 133 132
113 114 118 117 129 130 134 133
114 115 119 118 130 131 135 134
116 117 121 120 132 133 137 136
117 118 122 121 133 134 138 137
118 119 123 122 134 135 139 138
120 121 125 124 136 137 141 140
121 122 126 125 137 138 142 141
122 123 127 126 138 139 143 142
128 129 133 132 144 145 149 148
129 130 134 133 145 146 150 149
130 131 135 134 146 147 151 150
132 133 137 136 148 149 153 152
133 134 138 137 149 150 154 153
134 135 139 138 150 151 155 154
136 137 141 140 152 153 157 156
137 138 142 141 153 154 158 157
138 139 143 142 154 155 159 158
144 145 149 148 160 161 165 164
145 146 150 149 161 162 166 165
146 147 151 150 162 163 167 166
148 149 153 152 164 165 169 168
149 150 154 153 165 166 170 169
150 151 155 154 166 167 171 170
152 153 157 156 168 169 173 172
153 154 158 157 169 170 174 173
154 155 159 158 170 171 175 174
160 161 165 164 176 177 181 180
161 162 166 165 177 178 182 181
162 163 167 166 178 179 183 182
164 165 169 168 180 181 185 184
165 166 170 169 181 182 186 185
166 167 171 170 182 183 187 186
168 169 173 172 184 185 189 188
169 170 174 173 185 186 190 189
170 171 175 174 186 187 191 190
176 177 181 180 192 193 197 196
177 178 182 181 193 194 198 197
178 179 183 182 194 195 199 198
180 181 185 184 196 197 201 200
181 182 186 185 197 198 202 201
182 183 187 186 198 199 203 202
184 185 189 188 200 201 205 204
185 186 190 189 201 202 206 205
186 187 191 190 202 203 207 206
192 193 197 196 208 209 213 212
193 194 198 197 209 210 214 213
194 195 199 198 210 211 215 214
196 197 201 200 212 213 217 216
197 198 202 201 213 214 218 217
198 199 203 202 214 215 219 218
200 201 205 204 216 217 221 220
201 202 206 205 217 218 222 221
202 203 207 206 218 219 223 222
208 209 213 212 224 225 229 228
209 210 214 213 225 226 230 229
210 211 215 214 226 227 231 230
212 213 217 216 228 229 233 232
213 214 218 217 229 230 234 233
214 215 219 218 230 231 235 234
216 217 221 220 232 233 237 236
217 218 222 221 233 234 238 237
218 219 223 222 234 235 239 238
224 225 229 228 240 241 245 244
225 226 230 229 241 242 246 245
226 227 231 230 242 243 247 246
228 229 233 232 244 245 249 248
229 230 234 233 245 246 250 249
230 231 235 234 246 247 251 250
232 233 237 236 248 249 253 252
233 234 238 237 249 250 254 253
234 235 239 238 250 251 255 254
240 241 245 244 256 257 261 260
241 242 246 245 257 258 262 261
242 243 247 246 258 259 263 262
244 245 249 248 260 261 265 264
245 246 250 249 261 262 266 265
246 247 251 250 262 263 267 266
248 249 253 252 264 265 269 268
249 250 254 253 265 266 270 269
250 251 255 254 266 267 271 270
256 257 261 260 272 273 277 276
257 258 262 261 273 274 278 277
258 259 263 262 274 275 279 278
260 261 265 264 276 277 281 280
261 262 266 265 277 278 282 281
262 263 267 266 278 279 283 282
264 265 269 268 280 281 285 284
265 266 270 269 281 282 286 285
266 267 271 270 282 283 287 286
272 273 277 276 288 289 293 292
273 274 278 277 289 290 294 293
274 275 279 278 290 291 295 294
276 277 281 280 292 293 297 296
277 278 282 281 293 294 298 297
278 279 283 282 294 295 299 298
280 281 285 284 296 297 301 300
281 282 286 285 297 298 302 301
282 283 287 286 298 299 303 302
288 289 293 292 304 305 309 308
289 290 294 293 305 306 310 309
290 291 295 294 306 307 311 310
292 293 297 296 308 309 313 312
293 294 298 297 309 310 314 313
294 295 299 298 310 311 315 314
296 297 301 300 312 313 317 316
297 298 302 301 313 314 318 317
298 299 303 302 314 315 319 318
0 1 5 4 16 17 21 20
1 2 6 5 17 18 22 21
2 3 7 6 18 19 23 22
4 5 9 8 20 21 25 24
5 6 10 9 21 22 26 25
6 7 11 10 22 23 27 26
8 9 13 12 24 25 29 28
9 10 14 13 25 26 30 29
10 11 15 14 26 27 31 30
16 17 21 20 32 33 37 36
17 18 22 21 33 34 38 37
18 19 23 22 34 35 39 38
20 21 25 24 36 37 41 40
21 22 26 25 37 38 42 41
22 23 27 26 38 39 43 42
24 25 29 28 40 41 45 44
25 26 30 29 41 42 46 45
26 27 31 30 42 43 47 46
32 33 37 36 48 49 53 52
33 34 38 37 49 50 54 53
34 35 39 38 50 51 55 54
36 37 41 40 52 53 57 56
37 38 42 41 53 54 58 57
38 39 43 42 54 55 59 58
40 41 45 44 56 57 61 60
41 42 46 45 57 58 62 61
42 43 47 46 58 59 63 62
48 49 53 52 64 65 69 68
49 50 54 53 65 66 70 69
50 51 55 54 66 67 71 70
52 53 57 56 68 69 73 72
53 54 58 57 69 70 74 73
54 55 59 58 70 71 75 74
56 57 61 60 72 73 77 76
57 58 62 61 73 74 78 77
58 59 63 62 74 75 79 78
64 65 69 68 80 81 85 84
65 66 70 69 81 82 86 85
66 67 71 70 82 83 87 86
68 69 73 72 84 85 89 88
69 70 74 73 85 86 90 89
70 71 75 74 86 87 91 90
72 73 77 76 88 89 93 92
73 74 78 77 89 90 94 93
74 75 79 78 90 91 95 94
80 81 85 84 96 97 101 100
81 82 86 85 97 98 102 101
82 83 87 86 98 99 103 102
84 85 89 88 100 101 105 104
85 86 90 89 101 102 106 105
86 87 91 90 102 103 107 106
88 89 93 92 104 105 109 108
89 90 94 93 105 106 110 109
90 91 95 94 106 107 111 110
96 97 101 100 112 113 117 116
97 98 102 101 113 114 118 117
98 99 103 102 114 115 119 118
100 101 105 104 116 117 121 120
101 102 106 105 117 118 122 121
102 103 107 106 118 119 123 122
104 105 109 108 120 121 125 124
105 106 110 109 121 122 126 125
106 107 111 110 122 123 127 126
112 113 117 116 128 129 133 132
113 114 118 117 129 130 134 133
114 115 119 118 130 131 135 134
116 117 121 120 132 133 137 136
117 118 122 121 133 134 138 137
118 119 123 122 134 135 139 138
120 121 125 124 136 137 141 140
121 122 126 125 137 138 142 141
122 123 127 126 138 139 143 142
128 129 133 132 144 145 149 148
129 130 134 133 145 146 150 149
130 131 135 134 146 147 151 150
132 133 137 136 148 149 153 152
133 134 138 137 149 150 154 153
134 135 139 138 150 151 155 154
136 137 141 140 152 153 157 156
137 138 142 141 153 154 158 157
138 139 143 142 154 155 159 158
144 145 149 148 160 161 165 164
145 146 150 149 161 162 166 165
146 147 151 150 162 163 167 166
148 149 153 152 164 165 169 168
149 150 154 153 165 166 170 169
150 151 155 154 166 167 171 170
152 153 157 156 168 169 173 172
153 154 158 157 169 170 174 173
154 155 159 158 170 171 175 174
160 161 165 164 176 177 181 180
161 162 166 165 177 178 182 181
162 163 167 166 178 179 183 182
164 165 169 168 180 181 185 184
165 166 170 169 181 182 186 185
166 167 171 170 182 183 187 186
168 169 173 172 184 185 189 188
169 170 174 173 185 186 190 189
170 171 175 174 186 187 191 190
176 177 181 180 192 193 197 196
177 178 182 181 193 194 198 197
178 179 183 182 194 195 199 198
180 181 185 184 196 197 201 200
181 182 186 185 197 198 202 201
182 183 187 186 198 199 203 202
184 185 189 188 200 201 205 204
185 186 190 189 201 202 206 205
186 187 191 190 202 203 207 206
192 193 197 196 208 209 213 212
193 194 198 197 209 210 214 213
194 195 199 198 210 211 215 214
196 197 201 200 212 213 217 216
197 198 202 201 213 214 218 217
198 199 203 202 214 215 219 218
200 201 205 204 216 217 221 220
201 202 206 205 217 218 222 221
202 203 207 206 218 219 223 222
208 209 213 212 224 225 229 228
209 210 214 213 225 226 230 229
210 211 215 214 226 227 231 230
212 213 217 216 228 229 233 232
213 214 218 217 229 230 234 233
214 215 219 218 230 231 235 234
216 217 221 220 232 233 237 236
217 218 222 221 233 234 238 237
218 219 223 222 234 235 239 238
224 225 229 228 240 241 245 244
225 226 230 229 241 242 246 245
226 227 231 230 242 243 247 246
228 229 233 232 244 245 249 248
229 230 234 233 245 246 250 249
230 231 235 234 246 247 251 250
232 233 237 236 248 249 253 252
233 234 238 237 249 250 254 253
234 235 239 238 250 251 255 254
240 241 245 244 256 257 261 260
241 242 246 245 257 258 262 261
242 243 247 246 258 259 263 262
244 245 249 248 260 261 265 264
245 246 250 249 261 262 266 265
246 247 251 250 262 263 267 266
248 249 253 252 264 265 269 268
249 250 254 253 265 266 270 269
250 251 255 254 266 267 271 270
256 257 261 260 272 273 277 276
257 258 262 261 273 274 278 277
258 259 263 262 274 275 279 278
260 261 265 264 276 277 281 280
261 262 266 265 277 278 282 281
262 263 267 266 278 279 283 282
264 265 269 268 280 281 285 284
265 266 270 269 281 282 286 285
266 267 271 270 282 283 287 286
272 273 277 276 288 289 293 292
273 274 278 277 289 290 294 293
274 275 279 278 290 291 295 294
276 277 281 280 292 293 297 296
277 278 282 281 293 294 298 297
278 279 283 282 294 295 299 298
280 281 285 284 296 297 301 300
281 282 286 285 297 298 302 301
282 283 287 286 298 299 303 302
288 289 293 292 304 305 309 308
289 290 294 293 305 306 310 309
290 291 295 294 306 307 311 310
292 293 297 296 308 309 313 312
293 294 298 297 309 310 314 313
294 295 299 298 310 311 315 314
296 297 301 300 312 313 317 316
297 298 302 301 313 314 318 317
298 299 303 302 314 315 319 318
0 1 5 4 16 17 21 20
1 2 6 5 17 18 22 21
2 3 7 6 18 19 23 22
4 5 9 8 20 21 25 24
5 6 10 9 21 22 26 25
6 7 11 10 22 23 27 26
8 9 13 12 24 25 29 28
9 10 14 13 25 26 30 29
10 11 15 14 26 27 31 30
16 17 21 20 32 33 37 36
17 18 22 21 33 34 38 37
18 19 23 22 34 35 39 38
20 21 25 24 36 37 41 40
21 22 26 25 37 38 42 41
22 23 27 26 38 39 43 42
24 25 29 28 40 41 45 44
25 26 30 29 41 42 46 45
26 27 31 30 42 43 47 46
32 33 37 36 48 49 53 52
33 34 38 37 49 50 54 53
34 35 39 38 50 51 55 54
36 37 41 40 52 53 57 56
37 38 42 41 53 54 58 57
38 39 43 42 54 55 59 58
40 41 45 44 56 57 61 60
41 42 46 45 57 58 62 61
42 43 47 46 58 59 63 62
48 49 53 52 64 65 69 68
49 50 54 53 65 66 70 69
50 51 55 54 66 67 71 70
52 53 57 56 68 69 73 72
53 54 58 57 69 70 74 73
54 55 59 58 70 71 75 74
56 57 61 60 72 73 77 76
57 58 62 61 73 74 78 77
58 59 63 62 74 75 79 78
64 65 69 68 80 81 85 84
65 66 70 69 81 82 86 85
66 67 71 70 82 83 87 86
68 69 73 72 84 85 89 88
69 70 74 73 85 86 90 89
70 71 75 74 86 87 91 90
72 73 77 76 88 89 93 92
73 74 78 77 89 90 94 93
74 75 79 78 90 91 95 94
80 81 85 84 96 97 101 100
81 82 86 85 97 98 102 101
82 83 87 86 98 99 103 102
84 85 89 88 100 101 105 104
85 86 90 89 101 102 106 105
86 87 91 90 102 103 107 106
88 89 93 92 104 105 109 108
89 90 94 93 105 106 110 109
90 91 95 94 106 107 111 110
96 97 101 100 112 113 117 116
97 98 102 101 113 114 118 117
98 99 103 102 114 115 119 118
100 101 105 104 116 117 121 120
101 102 106 105 117 118 122 121
102 103 107 106 118 119 123 122
104 105 109 108 120 121 125 124
105 106 110 109 121 122 126 125
106 107 111 110 122 123 127 126
112 113 117 116 128 129 133 132
113 114 118 117 129 130 134 133
114 115 119 118 130 131 135 134
116 117 121 120 132 133 137 136
117 118 122 121 133 134 138 137
118 119 123 122 134 135 139 138
120 121 125 124 136 137 141 140
121 122 126 125 137 138 142 141
122 123 127 126 138 139 143 142
128 129 133 132 144 145 149 148
129 130 134 133 145 146 150 149
130 131 135 134 146 147 151 150
132 133 137 136 148 149 153 152
133 134 138 137 149 150 154 153
134 135 139 138 150 151 155 154
136 137 141 140 152 153 157 156
137 138 142 141 153 154 158 157
138 139 143 142 154 155 159 158
144 145 149 148 160 161 165 164
145 146 150 149 161 162 166 165
146 147 151 150 162 163 167 166
148 149 153 152 164 165 169 168
149 150 154 153 165 166 170 169
150 151 155 154 166 167 171 170
152 153 157 156 168 169 173 172
153 154 158 157 169 170 174 173
154 155 159 158 170 171 175 174
160 161 165 164 176 177 181 180
161 162 166 165 177 178 182 181
162 163 167 166 178 179 183 182
164 165 169 168 180 181 185 184
165 166 170 169 181 182 186 185
166 167 171 170 182 183 187 186
168 169 173 172 184 185 189 188
169 170 174 173 185 186 190 189
170 171 175 174 186 187 191 190
176 177 181 180 192 193 197 196
177 178 182 181 193 194 198 197
178 179 183 182 194 195 199 198
180 181 185 184 196 197 201 200
181 182 186 185 197 198 202 201
182 183 187 186 198 199 203 202
184 185 189 188 200 201 205 204
185 186 190 189 201 202 206 205
186 187 191 190 202 203 207 206
192 193 197 196 208 209 213 212
193 194 198 197 209 210 214 213
194 195 199 198 210 211 215 214
196 197 201 200 212 213 217 216
197 198 202 201 213 214 218 217
198 199 203 202 214 215 219 218
200 201 205 204 216 217 221 220
201 202 206 205 217 218 222 221
202 203 207 206 218 219 223 222
208 209 213 212 224 225 229 228
209 210 214 213 225 226 230 229
210 211 215 214 226 227 231 230
212 213 217 216 228 229 233 232
213 214 218 217 229 230 234 233
214 215 219 218 230 231 235 234
216 217 221 220 232 233 237 236
217 218 222 221 233 234 238 237
218 219 223 222 234 235 239 238
224 225 229 228 240 241 245 244
225 226 230 229 241 242 246 245
226 227 231 230 242 243 247 246
228 229 233 232 244 245 249 248
229 230 234 233 245 246 250 249
230 231 235 234 246 247 251 250
232 233 237 236 248 249 253 252
233 234 238 237 249 250 254 253
234 235 239 238 250 251 255 254
240 241 245 244 256 257 261 260
241 242 246 245 257 258 262 261
242 243 247 246 258 259 263 262
244 245 249 248 260 261 265 264
245 246 250 249 261 262 266 265
246 247 251 250 262 263 267 266
248 249 253 252 264 265 269 268
249 250 254 253 265 266 270 269
250 251 255 254 266 267 271 270
256 257 261 260 272 273 277 276
257 258 262 261 273 274 278 277
258 259 263 262 274 275 279 278
260 261 265 264 276 277 281 280
261 262 266 265 277 278 282 281
262 263 267 266 278 279 283 282
264 265 269 268 280 281 285 284
265 266 270 269 281 282 286 285
266 267 271 270 282 283 287 286
272 273 277 276 288 289 293 292
273 274 278 277 289 290 294 293
274 275 279 278 290 291 295 294
276 277 281 280 292 293 297 296
277 278 282 281 293 294 298 297
278 279 283 282 294 295 299 298
280 281 285 284 296 297 301 300
281 282 286 285 297 298 302 301
282 283 287 286 298 299 303 302
288 289 293 292 304 305 309 308
289 290 294 293 305 306 310 309
290 291 295 294 306 307 311 310
292 293 297 296 308 309 313 312
293 294 298 297 309 310 314 313
294 295 299 298 310 311 315 314
296 297 301 300 312 313 317 316
297 298 302 301 313 314 318 317
298 299 303 302 314 315 319 318
0 1 5 4 16 17 21 20
1 2 6 5 17 18 22 21
2 3 7 6 18 19 23 22
4 5 9 8 20 21 25 24
5 6 10 9 21 22 26 25
6 7 11 10 22 23 27 26
8 9 13 12 24 25 29 28
9 10 14 13 25 26 30 29
10 11 15 14 26 27 31 30
16 17 21 20 32 33 37 36
17 18 22 21 33 34 38 37
18 19 23 22 34 35 39 38
20 21 25 24 36 37 41 40
21 22 26 25 37 38 42 41
22 23 27 26 38 39 43 42
24 25 29 28 40 41 45 44
25 26 30 29 41 42 46 45
26 27 31 30 42 43 47 46
32 33 37 36 48 49 53 52
33 34 38 37 49 50 54 53
34 35 39 38 50 51 55 54
36 37 41 40 52 53 57 56
37 38 42 41 53 54 58 57
38 39 43 42 54 55 59 58
40 41 45 44 56 57 61 60
41 42 46 45 57 58 62 61
42 43 47 46 58 59 63 62
48 49 53 52 64 65 69 68
49 50 54 53 65 66 70 69
50 51 55 54 66 67 71 70
52 53 57 56 68 69 73 72
53 54 58 57 69 70 74 73
54 55 59 58 70 71 75 74
56 57 61 60 72 73 77 76
57 58 62 61 73 74 78 77
58 59 63 62 74 75 79 78
64 65 69 68 80 81 85 84
65 66 70 69 81 82 86 85
66 67 71 70 82 83 87 86
68 69 73 72 84 85 89 88
69 70 74 73 85 86 90 89
70 71 75 74 86 87 91 90
72 73 77 76 88 89 93 92
73 74 78 77 89 90 94 93
74 75 79 78 90 91 95 94
80 81 85 84 96 97 101 100
81 82 86 85 97 98 102 101
82 83 87 86 98 99 103 102
84 85 89 88 100 101 105 104
85 86 90 89 101 102 106 105
86 87 91 90 102 103 107 106
88 89 93 92 104 105 109 108
89 90 94 93 105 106 110 109
90 91 95 94 106 107 111 110
96 97 101 100 112 113 117 116
97 98 102 101 113 114 118 117
98 99 103 102 114 115 119 118
100 101 105 104 116 117 121 120
101 102 106 105 117 118 122 121
102 103 107 106 118 119 123 122
104 105 109 108 120 121 125 124
105 106 110 109 121 122 126 125
106 107 111 110 122 123 127 126
112 113 117 116 128 129 133 132
113 114 118 117 129 130 134 133
114 115 119 118 130 131 135 134
116 117 121 120 132 133 137 136
117 118 122 121 133 134 138 137
118 119 123 122 134 135 139 138
120 121 125 124 136 137 141 140
121 122 126 125 137 138 142 141
122 123 127 126 138 139 143 142
128 129 133 132 144 145 149 148
129 130 134 133 145 146 150 149
130 131 135 134 146 147 151 150
132 133 137 136 148 149 153 152
133 134 138 137 149 150 154 153
134 135 139 138 150 151 155 154
136 137 141 140 152 153 157 156
137 138 142 141 153 154 158 157
138 139 143 142 154 155 159 158
144 145 149 148 160 161 165 164
145 146 150 149 161 162 166 165
146 147 151 150 162 163 167 166
148 149 153 152 164 165 169 168
149 150 154 153 165 166 170 169
150 151 155 154 166 167 171 170
152 153 157 156 168 169 173 172
153 154 158 157 169 170 174 173
154 155 159 158 170 171 175 174
160 161 165 164 176 177 181 180
161 162 166 165 177 178 182 181
162 163 167 166 178 179 183 182
164 165 169 168 180 181 185 184
165 166 170 169 181 182 186 185
166 167 171 170 182 183 187 186
168 169 173 172 184 185 189 188
169 170 174 173 185 186 190 189
170 171 175 174 186 187 191 190
176 177 181 180 192 193 197 196
177 178 182 181 193 194 198 197
178 179 183 182 194 195 199 198
180 181 185 184 196 197 201 200
181 182 186 185 197 198 202 201
182 183 187 186 198 199 203 202
184 185 189 188 200 201 205 204
185 186 190 189 201 202 206 205
186 187 191 190 202 203 207 206
192 193 197 196 208 209 213 212
193 194 198 197 209 210 214 213
194 195 199 198 210 211 215 214
196 197 201 200 212 213 217 216
197 198 202 201 213 214 218 217
198 199 203 202 214 215 219 218
200 201 205 204 216 217 221 220
201 202 206 205 217 218 222 221
202 203 207 206 218 219 223 222
208 209 213 212 224 225 229 228
209 210 214 213 225 226 230 229
210 211 215 214 226 227 231 230
212 213 217 216 228 229 233 232
213 214 218 217 229 230 234 233
214 215 219 218 230 231 235 234
216 217 221 220 232 233 237 236
217 218 222 221 233 234 238 237
218 219 223 222 234 235 239 238
224 225 229 228 240 241 245 244
225 226 230 229 241 242 246 245
226 227 231 230 242 243 247 246
228 229 233 232 244 245 249 248
229 230 234 233 245 246 250 249
230 231 235 234 246 247 251 250
232 233 237 236 248 249 253 252
233 234 238 237 249 250 254 253
234 235 239 238 250 251 255 254
240 241 245 244 256 257 261 260
241 242 246 245 257 258 262 261
242 243 247 246 258 259 263 262
244 245 249 248 260 261 265 264
245 246 250 249 261 262 266 265
246 247 251 250 262 263 267 266
248 249 253 252 264 265 269 268
249 250 254 253 265 266 270 269
250 251 255 254 266 267 271 270
256 257 261 260 272 273 277 276
257 258 262 261 273 274 278 277
258 259 263 262 274 275 279 278
260 261 265 264 276 277 281 280
261 262 266 265 277 278 282 281
262 263 267 266 278 279 283 282
264 265 269 268 280 281 285 284
265 266 270 269 281 282 286 285
266 267 271 270 282 283 287 286
272 273 277 276 288 289 293 292
273 274 278 277 289 290 294 293
274 275 279 278 290 291 295 294
276 277 281 280 292 293 297 296
277 278 282 281 293 294 298 297
278 279 283 282 294 295 299 298
280 281 285 284 296 297 301 300
281 282 286 285 297 298 302 301
282 283 287 286 298 299 303 302
288 289 293 292 304 305 309 308
289 290 294 293 305 306 310 309
290 291 295 294 306 307 311 310
292 293 297 296 308 309 313 312
293 294 298 297 309 310 314 313
294 295 299 298 310 311 315 314
296 297 301 300 312 313 317 316
297 298 302 301 313 314 318 317
298 299 303 302 314 315 319 318
