2048
4
6
10
12
2062
18
2069
24
2074
2076
38
2088
2090
47
50
51
55
56
2106
59
2109
68
70
75
76
79
2151
2153
2155
110
2163
2164
122
2171
2172
125
2175
2176
2177
2181
2183
2189
2193
149
26
2220
2221
2223
2224
225
226
2277
240
241
254
2305
2315
2317
2319
2323
2329
2095
2332
2333
288
290
2339
2343
296
297
2098
303
304
2357
310
2367
333
2384
2104
2389
2390
346
354
2410
2411
2412
2413
2414
2415
2416
2417
2418
2419
2420
2421
2422
2423
2424
2425
2428
2429
2430
2431
2433
2435
2436
2437
2438
2443
2444
2445
2446
2448
2449
2450
409
2459
2460
2461
2462
2464
2479
2482
2485
438
442
446
450
2501
2502
2503
2504
457
462
480
484
485
487
489
519
572
589
621
625
626
629
638
650
654
658
2170
786
793
794
798
799
803
805
811
815
835
837
910
918
948
952
953
954
956
957
958
959
961
962
965
966
967
972
975
976
977
978
979
982
985
986
990
991
992
993
995
996
998
999
1000
1001
1003
1005
1008
1009
1010
1023
1033
1035
1037
1038
1039
1041
1043
1044
1045
1054
1055
1057
1061
1065
1080
1098
1103
1111
1112
1113
1161
1166
1171
1173
1175
1177
1178
1183
1189
1191
1206
1211
1213
1222
1224
1234
1241
1245
1261
1270
1272
1279
1284
1300
1303
1305
1307
1312
1315
1316
1321
1330
1331
1333
1343
1344
1359
1383
1384
1387
1396
1405
1408
1416
1417
1440
1446
1459
1468
1477
1479
1481
1482
1484
1495
1516
1521
1524
1525
1529
1535
1537
1542
1566
1580
1591
1593
1629
1633
1634
1637
1641
1649
1653
1682
1688
1691
1694
1711
1722
1725
1740
1741
2345
1784
1790
1791
1792
1805
1806
1818
1820
1824
1827
1829
1833
1834
1838
1844
1845
1848
1849
1853
1859
1861
1867
1873
1875
1881
1893
1915
1919
1922
1923
1931
1945
1946
1951
1952
1953
1958
1962
2381
2008
2013
2018
2385
2035
