66 1
   0.99595
   0.00000
   0.00000
   0.00000
   1.94766
   2.06359
   0.00000
   0.50928
   1.34943
   1.96921
   0.00000
   0.00000
   1.51480
   2.31848
   0.00000
   0.00000
   1.18722
   0.82142
   1.17504
   0.00000
   1.57665
   1.38415
   1.22065
   0.85127
   1.28396
   0.00000
   2.54869
   1.36915
   1.18025
   0.00000
   1.66386
   1.56022
   0.00000
   1.75012
   0.00000
   0.00000
   1.84628
   1.93257
   0.00000
   1.00400
   0.91875
   0.93082
   0.00000
   0.00000
   0.00000
   0.85900
   1.23042
   1.16373
   1.06302
   2.37885
   0.00000
   1.31251
   0.75938
   1.48883
   0.00000
   2.08380
   1.79873
   0.00000
   0.00000
   1.22369
   0.00000
   0.00000
   1.55477
   0.00000
   0.00000
   1.48103
