10
16
20
40
69
79
103
112
124
141
142
143
155
176
180
182
183
184
188
197
204
209
214
227
229
237
245
249
259
261
262
268
280
284
308
318
323
355
365
373
385
410
426
438
441
445
449
455
465
485
486
495
500
513
521
522
526
534
544
551
561
580
584
595
599
600
612
621
622
632
640
645
646
649
652
656
664
672
674
678
685
696
702
703
708
731
733
742
749
754
760
769
773
775
778
781
787
789
791
794
826
830
838
842
862
870
874
877
900
901
912
924
944
946
952
963
970
972
975
995
1004
1031
1048
1091
1095
1098
1108
1113
1140
1186
1190
1195
1196
1218
1266
1278
1298
1315
1369
1379
1390
1393
1421
1441
1499
1537
1557
1562
1606
1639
1647
1656
1665
1675
1685
1695
1709
1715
1716
1718
1729
1736
1737
1803
1820
1822
1825
1831
1837
1846
1866
1869
1872
1879
1880
1885
1912
1913
1922
1929
1938
1941
1942
1949
1953
1963
1966
1972
1974
1987
1989
1994
2000
2028
2035
2036
2062
2069
2092
2094
2098
2134
2140
2156
2166
2173
2176
2184
2188
2190
2193
2195
2208
2210
2212
2218
2243
2244
2249
2251
2284
2313
2322
2327
2335
2349
2365
2369
2373
2374
2380
2385
2386
2400
2423
2460
2477
2483
2501
2502
2536
2538
2542
2550
2562
2564
2584
2604
2627
2628
2636
2641
2648
2650
2661
2678
2688
2716
2722
2735
2752
2757
2766
2770
2772
2790
2796
2809
2816
2851
2867
2869
2871
2924
2954
2960
3003
3004
3014
3054
3057
3080
3094
3119
3220
3250
3270
3305
3315
3332
3336
3369
3382
3391
3407
3429
3495
3605
3624
3625
3642
3691
3747
3752
3773
3788
3813
3824
3849
3856
3962
4023
4047
4097
4136
4176
4271
4274
