92 1
289
681
946
1059
1249
1309
1593
1596
1764
2010
2158
2169
2684
2754
3189
3488
3555
3682
3777
4068
4609
4641
4741
4744
5087
5182
5748
5883
6240
6405
6676
6958
7082
7322
7627
7705
8035
8077
8081
8342
8689
8856
9064
9067
9121
9544
9569
9573
9630
9856
9963
10103
10684
10786
10974
11062
11573
11670
11980
12174
12386
12582
12609
12872
12873
13076
13318
13435
13920
14090
14506
15116
15125
15192
15414
15791
16470
16572
18188
18311
19034
19242
19380
19443
19444
19448
19485
20204
20570
20708
21413
21913
