20 20
1 9.145e-09 1.75872e-08 -4.11077e-09 -3.76407e-08 -7.57588e-09 -1.07024e-07 6.2644e-08 4.63875e-08 2.18427e-08 4.79217e-08 1.09055e-08 8.87247e-09 3.50864e-08 -4.84079e-08 -1.51031e-09 -5.28768e-08 -4.23874e-08 -1.17878e-08 -6.00023e-08 
9.145e-09 1 -7.89731e-09 7.93645e-08 4.0131e-08 -7.9603e-09 3.59817e-08 -2.49112e-08 -2.4671e-08 -2.41586e-08 1.51511e-08 3.66133e-09 -1.5979e-08 6.55e-08 6.45802e-08 -5.82875e-08 1.02342e-08 -4.42101e-09 -5.10804e-08 -8.99892e-09 
1.75872e-08 -7.89731e-09 1 -2.934e-09 7.50703e-09 1.82495e-08 1.71097e-08 -4.18225e-08 2.80362e-08 6.08071e-08 -4.52498e-08 5.05688e-10 -4.30077e-09 -1.3507e-08 1.64577e-08 4.75214e-13 -2.40557e-08 -5.89471e-09 -3.81818e-08 1.27546e-08 
-4.11077e-09 7.93645e-08 -2.934e-09 1 -1.5604e-08 -2.53162e-08 1.47543e-08 -4.38753e-08 -5.48208e-08 9.79603e-09 -3.52495e-08 -3.88158e-08 2.36649e-08 -1.40161e-08 -4.84349e-08 -5.34267e-08 4.31205e-08 1.52991e-08 1.65287e-08 2.71609e-08 
-3.76407e-08 4.0131e-08 7.50703e-09 -1.5604e-08 1 8.33614e-09 -2.97326e-08 -8.90236e-09 3.43407e-08 2.41299e-08 -3.74612e-10 -1.76919e-08 -3.52559e-08 1.47461e-08 -3.9184e-08 -2.22909e-08 1.58212e-09 -1.6236e-08 -2.55303e-08 1.83822e-08 
-7.57588e-09 -7.9603e-09 1.82495e-08 -2.53162e-08 8.33614e-09 1 4.65898e-08 2.25872e-09 -2.5581e-08 -2.2826e-08 -1.80508e-08 -2.61979e-08 -6.64403e-08 3.39667e-08 3.89921e-08 -4.75655e-09 -5.49683e-08 1.82614e-08 3.10278e-08 3.30694e-08 
-1.07024e-07 3.59817e-08 1.71097e-08 1.47543e-08 -2.97326e-08 4.65898e-08 1 -2.00732e-09 1.86459e-08 -1.92904e-08 -4.71561e-08 9.52771e-09 -3.02631e-08 -8.15412e-09 2.46276e-08 -8.948e-09 -1.91567e-08 2.14802e-09 4.7207e-09 3.84952e-08 
6.2644e-08 -2.49112e-08 -4.18225e-08 -4.38753e-08 -8.90236e-09 2.25872e-09 -2.00732e-09 1 -6.70135e-08 1.89689e-08 4.47961e-08 4.91506e-08 -5.46704e-09 -1.23325e-08 1.3161e-08 2.20778e-08 2.81693e-08 3.27244e-08 -3.06043e-08 1.20637e-08 
4.63875e-08 -2.4671e-08 2.80362e-08 -5.48208e-08 3.43407e-08 -2.5581e-08 1.86459e-08 -6.70135e-08 1 -5.77562e-08 -2.96894e-09 -3.04916e-08 -3.43169e-08 -4.29386e-08 -3.23047e-08 2.40439e-08 7.10221e-08 -1.45378e-08 -4.36601e-08 -3.33535e-08 
2.18427e-08 -2.41586e-08 6.08071e-08 9.79603e-09 2.41299e-08 -2.2826e-08 -1.92904e-08 1.89689e-08 -5.77562e-08 1 6.61353e-08 6.76156e-08 -2.11743e-08 7.72695e-09 -2.29056e-08 -3.68296e-08 1.69574e-10 8.0574e-09 2.94843e-09 -7.59947e-09 
4.79217e-08 1.51511e-08 -4.52498e-08 -3.52495e-08 -3.74612e-10 -1.80508e-08 -4.71561e-08 4.47961e-08 -2.96894e-09 6.61353e-08 1 2.24952e-08 -8.62836e-08 -1.00212e-08 9.98666e-09 -1.17828e-08 3.59912e-08 3.13005e-08 4.81609e-08 1.49944e-09 
1.09055e-08 3.66133e-09 5.05688e-10 -3.88158e-08 -1.76919e-08 -2.61979e-08 9.52771e-09 4.91506e-08 -3.04916e-08 6.76156e-08 2.24952e-08 1 -1.99652e-08 3.26609e-09 6.96102e-09 -1.28418e-08 3.27185e-08 3.86319e-08 -1.16773e-08 -3.47486e-09 
8.87247e-09 -1.5979e-08 -4.30077e-09 2.36649e-08 -3.52559e-08 -6.64403e-08 -3.02631e-08 -5.46704e-09 -3.43169e-08 -2.11743e-08 -8.62836e-08 -1.99652e-08 1 -2.64229e-08 5.42808e-08 -4.1286e-08 4.97901e-08 5.3393e-08 2.96474e-08 -1.16658e-08 
3.50864e-08 6.55e-08 -1.3507e-08 -1.40161e-08 1.47461e-08 3.39667e-08 -8.15412e-09 -1.23325e-08 -4.29386e-08 7.72695e-09 -1.00212e-08 3.26609e-09 -2.64229e-08 1 -3.00409e-08 1.9969e-08 1.07046e-08 5.78087e-08 -4.37601e-08 2.42289e-08 
-4.84079e-08 6.45802e-08 1.64577e-08 -4.84349e-08 -3.9184e-08 3.89921e-08 2.46276e-08 1.3161e-08 -3.23047e-08 -2.29056e-08 9.98666e-09 6.96102e-09 5.42808e-08 -3.00409e-08 1 -4.08076e-08 -2.04671e-08 -2.66745e-08 3.84664e-08 9.26274e-09 
-1.51031e-09 -5.82875e-08 4.75219e-13 -5.34267e-08 -2.22909e-08 -4.75655e-09 -8.948e-09 2.20778e-08 2.40439e-08 -3.68296e-08 -1.17828e-08 -1.28418e-08 -4.1286e-08 1.9969e-08 -4.08076e-08 1 7.70196e-08 3.86922e-08 -4.44159e-08 1.48099e-08 
-5.28768e-08 1.02342e-08 -2.40557e-08 4.31205e-08 1.58212e-09 -5.49683e-08 -1.91567e-08 2.81693e-08 7.10221e-08 1.69574e-10 3.59912e-08 3.27185e-08 4.97901e-08 1.07046e-08 -2.04671e-08 7.70196e-08 1 -2.13984e-09 5.66629e-08 -6.71073e-09 
-4.23874e-08 -4.42101e-09 -5.89471e-09 1.52991e-08 -1.6236e-08 1.82614e-08 2.14802e-09 3.27244e-08 -1.45378e-08 8.0574e-09 3.13005e-08 3.86319e-08 5.3393e-08 5.78087e-08 -2.66745e-08 3.86922e-08 -2.13984e-09 1 -5.24105e-09 -2.59353e-08 
-1.17878e-08 -5.10804e-08 -3.81818e-08 1.65287e-08 -2.55303e-08 3.10278e-08 4.7207e-09 -3.06043e-08 -4.36601e-08 2.94843e-09 4.81609e-08 -1.16773e-08 2.96474e-08 -4.37601e-08 3.84664e-08 -4.44159e-08 5.66629e-08 -5.24105e-09 1 -1.48291e-08 
-6.00023e-08 -8.99892e-09 1.27546e-08 2.71609e-08 1.83822e-08 3.30694e-08 3.84952e-08 1.20637e-08 -3.33535e-08 -7.59947e-09 1.49944e-09 -3.47486e-09 -1.16658e-08 2.42289e-08 9.26274e-09 1.48099e-08 -6.71073e-09 -2.59353e-08 -1.48291e-08 1 
