960 2
   0.00000    0.00000
  -0.00000    0.00000
   0.00000   -0.00000
  -0.00000    0.00000
  -0.00000    0.00000
   0.00000   -0.00000
   0.00000    0.00000
  -0.00000    0.00000
   0.00000    0.00000
   0.00000   -0.00000
  -0.00000    0.00000
   0.00000    0.00000
   0.00000    0.00000
   0.00000    0.00000
   0.00000   -0.00000
   0.00000    0.00000
   0.00000    0.00000
   0.00000   -0.00000
   0.00000    0.00000
   0.00000    0.00000
   0.00000   -0.00000
   0.00000    0.00000
   0.00000    0.00000
  -0.00000   -0.00000
   0.00000    0.00000
   0.00000    0.00000
  -0.00000   -0.00000
   0.00000    0.00000
   0.00000    0.00000
  -0.00000   -0.00000
   0.00000    0.00000
   0.00000    0.00000
  -0.00000   -0.00000
   0.00000    0.00000
   0.00000    0.00000
  -0.00000   -0.00000
   0.00000    0.00000
   0.00000    0.00000
  -0.00000    0.00000
   0.00000    0.00000
   0.00000    0.00000
  -0.00000    0.00000
   0.00000    0.00000
   0.00000    0.00000
  -0.00000    0.00000
   0.00000    0.00000
   0.00000    0.00000
  -0.00000    0.00000
   0.00000    0.00000
  -0.00000    0.00000
   0.00000    0.00000
   0.00000    0.00000
  -0.00000    0.00000
   0.00000    0.00000
   0.00000    0.00000
  -0.00000    0.00000
   0.00000    0.00000
   0.00000    0.00000
  -0.00000    0.00000
   0.00000    0.00000
   0.00000    0.00000
   0.00000    0.00000
   0.00000    0.00000
   0.00000    0.00000
   0.00000    0.00000
   0.00000    0.00000
   0.00000    0.00000
   0.00000    0.00000
   0.00000    0.00000
   0.00000    0.00000
   0.00000    0.00000
   0.00000    0.00000
   0.00000    0.00000
   0.00000    0.00000
   0.00000    0.00000
   0.00000    0.00000
   0.00000    0.00000
   0.00000    0.00000
   0.00000    0.00000
   0.00000    0.00000
   0.00000    0.00000
   0.00000    0.00000
   0.00000    0.00000
   0.00000    0.00000
   0.00000    0.00000
   0.00000    0.00000
   0.00000    0.00000
   0.00000    0.00000
   0.00000    0.00000
   0.00000    0.00000
   0.00000    0.00000
   0.00000    0.00000
   0.00000    0.00000
   0.00000    0.00000
   0.00000    0.00000
   0.00000    0.00000
   0.00000    0.00000
  -0.00000    0.00000
   0.00000    0.00000
   0.00000    0.00000
  -0.00000    0.00000
   0.00000    0.00000
   0.00000    0.00000
  -0.00000    0.00000
   0.00000    0.00000
   0.00000    0.00000
  -0.00000    0.00000
   0.00000    0.00000
   0.00000    0.00000
   0.00000    0.00000
   0.00000    0.00000
   0.00000    0.00000
   0.00000    0.00000
   0.00000    0.00000
   0.00000    0.00000
   0.00000    0.00000
   0.00000    0.00000
   0.00000    0.00000
   0.00000    0.00000
   0.00000    0.00000
   0.00000    0.00000
   0.00000    0.00000
   0.00000    0.00000
   0.00000    0.00000
   0.00000    0.00000
   0.00000    0.00000
   0.00000    0.00000
   0.00000    0.00000
   0.00000    0.00000
   0.00000    0.00000
   0.00000    0.00000
   0.00000    0.00000
   0.00000    0.00000
   0.00000    0.00000
   0.00000    0.00000
   0.00000    0.00000
   0.00000    0.00000
   0.00000    0.00000
   0.00000    0.00000
   0.00000    0.00000
   0.00000    0.00000
   0.00000    0.00000
   0.00000    0.00000
   0.00000    0.00000
   0.00000    0.00000
  -0.00000    0.00000
   0.00000    0.00000
   0.00000    0.00000
  -0.00000    0.00000
   0.00000    0.00000
   0.00000    0.00000
  -0.00000    0.00000
   0.00000    0.00000
   0.00000    0.00000
  -0.00000    0.00000
   0.00000    0.00000
   0.00000    0.00000
   0.00000    0.00000
   0.00000    0.00000
   0.00000    0.00000
   0.00000    0.00000
   0.00000    0.00000
   0.00000    0.00000
   0.00000    0.00000
   0.00000    0.00000
   0.00000    0.00000
   0.00000    0.00000
   0.00000    0.00000
   0.00000    0.00000
   0.00000    0.00000
   0.00000    0.00000
   0.00000    0.00000
   0.00000    0.00000
   0.00000    0.00000
   0.00000    0.00000
   0.00000    0.00000
   0.00000    0.00000
   0.00000    0.00000
   0.00000    0.00000
   0.00000    0.00000
   0.00000    0.00000
   0.00000    0.00000
   0.00000    0.00000
   0.00000    0.00000
   0.00000    0.00000
   0.00000    0.00000
   0.00000    0.00000
   0.00000    0.00000
   0.00000    0.00000
   0.00000    0.00000
   0.00000    0.00000
   0.00000    0.00000
   0.00000    0.00000
  -0.00000    0.00000
   0.00000    0.00000
   0.00000    0.00000
  -0.00000    0.00000
   0.00000    0.00000
   0.00000    0.00000
  -0.00000    0.00000
   0.00000    0.00000
   0.00000    0.00000
  -0.00000    0.00000
   0.00000    0.00000
   0.00000    0.00000
   0.00000    0.00000
   0.00000    0.00000
   0.00000    0.00000
   0.00000    0.00000
   0.00000    0.00000
   0.00000    0.00000
   0.00000    0.00000
   0.00000    0.00000
   0.00000    0.00000
   0.00000    0.00000
   0.00000    0.00000
   0.00000    0.00000
   0.00000    0.00000
   0.00000    0.00000
   0.00000    0.00000
   0.00000    0.00000
   0.00000    0.00000
   0.00000    0.00000
   0.00000    0.00000
   0.00000    0.00000
   0.00000    0.00000
   0.00000    0.00000
   0.00000    0.00000
   0.00000    0.00000
   0.00000    0.00000
   0.00000    0.00000
   0.00000    0.00000
   0.00000    0.00000
   0.00000    0.00000
   0.00000    0.00000
   0.00000    0.00000
   0.00000    0.00000
   0.00000    0.00000
   0.00000    0.00000
   0.00000    0.00000
   0.00000    0.00000
  -0.00000   -0.00000
   0.00000    0.00000
   0.00000    0.00000
  -0.00000   -0.00000
   0.00000    0.00000
   0.00000    0.00000
  -0.00000   -0.00000
   0.00000    0.00000
   0.00000    0.00000
  -0.00000   -0.00000
   0.00000    0.00000
   0.00000    0.00000
   0.00000    0.00000
   0.00000    0.00000
   0.00000    0.00000
   0.00000    0.00000
   0.00000    0.00000
   0.00000    0.00000
   0.00000    0.00000
   0.00000    0.00000
   0.00000    0.00000
   0.00000    0.00000
   0.00000    0.00000
   0.00000    0.00000
   0.00000    0.00000
   0.00000    0.00000
   0.00000    0.00000
   0.00000    0.00000
   0.00000    0.00000
   0.00000    0.00000
   0.00000    0.00000
   0.00000    0.00000
   0.00000    0.00000
   0.00000    0.00000
   0.00000    0.00000
   0.00000    0.00000
   0.00000    0.00000
   0.00000    0.00000
   0.00000    0.00000
   0.00000    0.00000
   0.00000    0.00000
   0.00000    0.00000
   0.00000    0.00000
   0.00000    0.00000
   0.00000    0.00000
   0.00000    0.00000
   0.00000    0.00000
  -0.00133    0.00051
  -0.00160   -0.00118
  -0.00320    0.00079
  -0.00037    0.00017
  -0.00208   -0.00099
  -0.00312    0.00114
   0.00037   -0.00017
  -0.00208   -0.00099
  -0.00312    0.00114
   0.00133   -0.00051
  -0.00160   -0.00118
  -0.00320    0.00079
  -0.00045    0.00028
  -0.00112    0.00009
  -0.00091   -0.00022
  -0.00014    0.00011
  -0.00155    0.00016
  -0.00088    0.00008
   0.00014   -0.00011
  -0.00155    0.00016
  -0.00088    0.00008
   0.00045   -0.00028
  -0.00112    0.00009
  -0.00091   -0.00022
   0.00038    0.00017
  -0.00139    0.00174
   0.00095   -0.00026
   0.00010    0.00007
  -0.00181    0.00169
   0.00079    0.00002
  -0.00010   -0.00007
  -0.00181    0.00169
   0.00079    0.00002
  -0.00038   -0.00017
  -0.00139    0.00174
   0.00095   -0.00026
   0.00127    0.00012
  -0.00240    0.00313
   0.00322   -0.00007
   0.00034    0.00006
  -0.00284    0.00298
   0.00301    0.00018
  -0.00034   -0.00006
  -0.00284    0.00298
   0.00301    0.00018
  -0.00127   -0.00012
  -0.00240    0.00313
   0.00322   -0.00007
  -0.00124    0.00037
  -0.00464   -0.00225
  -0.00624    0.00227
  -0.00044    0.00016
  -0.00517   -0.00221
  -0.00639    0.00306
   0.00044   -0.00016
  -0.00517   -0.00221
  -0.00639    0.00306
   0.00124   -0.00037
  -0.00464   -0.00225
  -0.00624    0.00227
  -0.00044    0.00017
  -0.00474    0.00077
  -0.00208    0.00062
  -0.00016    0.00009
  -0.00523    0.00069
  -0.00222    0.00128
   0.00016   -0.00009
  -0.00523    0.00069
  -0.00222    0.00128
   0.00044   -0.00017
  -0.00474    0.00077
  -0.00208    0.00062
   0.00039    0.00013
  -0.00534    0.00371
   0.00167    0.00065
   0.00013    0.00007
  -0.00582    0.00356
   0.00154    0.00120
  -0.00013   -0.00007
  -0.00582    0.00356
   0.00154    0.00120
  -0.00039   -0.00013
  -0.00534    0.00371
   0.00167    0.00065
   0.00117    0.00028
  -0.00648    0.00629
   0.00569    0.00169
   0.00040    0.00011
  -0.00697    0.00601
   0.00556    0.00220
  -0.00040   -0.00011
  -0.00697    0.00601
   0.00556    0.00220
  -0.00117   -0.00028
  -0.00648    0.00629
   0.00569    0.00169
  -0.00105    0.00002
  -0.00946   -0.00375
  -0.00932    0.00512
  -0.00035    0.00004
  -0.00987   -0.00403
  -0.00956    0.00598
   0.00035   -0.00004
  -0.00987   -0.00403
  -0.00956    0.00598
   0.00105   -0.00002
  -0.00946   -0.00375
  -0.00932    0.00512
  -0.00035   -0.00001
  -0.01007    0.00116
  -0.00358    0.00353
  -0.00012    0.00002
  -0.01047    0.00086
  -0.00378    0.00429
   0.00012   -0.00002
  -0.01047    0.00086
  -0.00378    0.00429
   0.00035    0.00001
  -0.01007    0.00116
  -0.00358    0.00353
   0.00034    0.00005
  -0.01104    0.00543
   0.00173    0.00385
   0.00011    0.00003
  -0.01146    0.00520
   0.00161    0.00452
  -0.00011   -0.00003
  -0.01146    0.00520
   0.00161    0.00452
  -0.00034   -0.00005
  -0.01104    0.00543
   0.00173    0.00385
   0.00103    0.00020
  -0.01254    0.00940
   0.00728    0.00569
   0.00033    0.00008
  -0.01296    0.00910
   0.00718    0.00631
  -0.00033   -0.00008
  -0.01296    0.00910
   0.00718    0.00631
  -0.00103   -0.00020
  -0.01254    0.00940
   0.00728    0.00569
  -0.00083   -0.00025
  -0.01557   -0.00615
  -0.01249    0.00942
  -0.00028   -0.00006
  -0.01588   -0.00659
  -0.01272    0.01016
   0.00028    0.00006
  -0.01588   -0.00659
  -0.01272    0.01016
   0.00083    0.00025
  -0.01557   -0.00615
  -0.01249    0.00942
  -0.00027   -0.00015
  -0.01672    0.00060
  -0.00548    0.00855
  -0.00009   -0.00004
  -0.01704    0.00020
  -0.00568    0.00922
   0.00009    0.00004
  -0.01704    0.00020
  -0.00568    0.00922
   0.00027    0.00015
  -0.01672    0.00060
  -0.00548    0.00855
   0.00029   -0.00002
  -0.01814    0.00644
   0.00113    0.00942
   0.00010    0.00000
  -0.01848    0.00614
   0.00101    0.01006
  -0.00010   -0.00000
  -0.01848    0.00614
   0.00101    0.01006
  -0.00029    0.00002
  -0.01814    0.00644
   0.00113    0.00942
   0.00086    0.00014
  -0.02003    0.01196
   0.00795    0.01200
   0.00028    0.00006
  -0.02037    0.01165
   0.00784    0.01261
  -0.00028   -0.00006
  -0.02037    0.01165
   0.00784    0.01261
  -0.00086   -0.00014
  -0.02003    0.01196
   0.00795    0.01200
  -0.00066   -0.00038
  -0.02277   -0.00942
  -0.01577    0.01524
  -0.00022   -0.00011
  -0.02299   -0.00990
  -0.01597    0.01582
   0.00022    0.00011
  -0.02299   -0.00990
  -0.01597    0.01582
   0.00066    0.00038
  -0.02277   -0.00942
  -0.01577    0.01524
  -0.00021   -0.00023
  -0.02444   -0.00102
  -0.00777    0.01542
  -0.00007   -0.00007
  -0.02468   -0.00146
  -0.00795    0.01596
   0.00007    0.00007
  -0.02468   -0.00146
  -0.00795    0.01596
   0.00021    0.00023
  -0.02444   -0.00102
  -0.00777    0.01542
   0.00025   -0.00007
  -0.02630    0.00637
  -0.00011    0.01706
   0.00008   -0.00002
  -0.02657    0.00605
  -0.00023    0.01761
  -0.00008    0.00002
  -0.02657    0.00605
  -0.00023    0.01761
  -0.00025    0.00007
  -0.02630    0.00637
  -0.00011    0.01706
   0.00070    0.00010
  -0.02858    0.01346
   0.00771    0.02036
   0.00023    0.00004
  -0.02885    0.01314
   0.00762    0.02090
  -0.00023   -0.00004
  -0.02885    0.01314
   0.00762    0.02090
  -0.00070   -0.00010
  -0.02858    0.01346
   0.00771    0.02036
  -0.00051   -0.00042
  -0.03085   -0.01346
  -0.01916    0.02254
  -0.00017   -0.00013
  -0.03101   -0.01392
  -0.01933    0.02297
   0.00017    0.00013
  -0.03101   -0.01392
  -0.01933    0.02297
   0.00051    0.00042
  -0.03085   -0.01346
  -0.01916    0.02254
  -0.00015   -0.00026
  -0.03299   -0.00370
  -0.01040    0.02387
  -0.00005   -0.00008
  -0.03317   -0.00411
  -0.01055    0.02429
   0.00005    0.00008
  -0.03317   -0.00411
  -0.01055    0.02429
   0.00015    0.00026
  -0.03299   -0.00370
  -0.01040    0.02387
   0.00021   -0.00010
  -0.03526    0.00510
  -0.00193    0.02636
   0.00007   -0.00003
  -0.03547    0.00480
  -0.00203    0.02680
  -0.00007    0.00003
  -0.03547    0.00480
  -0.00203    0.02680
  -0.00021    0.00010
  -0.03526    0.00510
  -0.00193    0.02636
   0.00057    0.00007
  -0.03789    0.01361
   0.00668    0.03036
   0.00019    0.00003
  -0.03810    0.01332
   0.00660    0.03083
  -0.00019   -0.00003
  -0.03810    0.01332
   0.00660    0.03083
  -0.00057   -0.00007
  -0.03789    0.01361
   0.00668    0.03036
  -0.00038   -0.00041
  -0.03965   -0.01814
  -0.02266    0.03120
  -0.00013   -0.00013
  -0.03977   -0.01854
  -0.02280    0.03151
   0.00013    0.00013
  -0.03977   -0.01854
  -0.02280    0.03151
   0.00038    0.00041
  -0.03965   -0.01814
  -0.02266    0.03120
  -0.00011   -0.00026
  -0.04219   -0.00730
  -0.01333    0.03364
  -0.00004   -0.00008
  -0.04232   -0.00766
  -0.01345    0.03396
   0.00004    0.00008
  -0.04232   -0.00766
  -0.01345    0.03396
   0.00011    0.00026
  -0.04219   -0.00730
  -0.01333    0.03364
   0.00017   -0.00011
  -0.04481    0.00267
  -0.00424    0.03693
   0.00006   -0.00003
  -0.04497    0.00241
  -0.00431    0.03730
  -0.00006    0.00003
  -0.04497    0.00241
  -0.00431    0.03730
  -0.00017    0.00011
  -0.04481    0.00267
  -0.00424    0.03693
   0.00044    0.00004
  -0.04774    0.01240
   0.00498    0.04157
   0.00015    0.00002
  -0.04789    0.01215
   0.00492    0.04195
  -0.00015   -0.00002
  -0.04789    0.01215
   0.00492    0.04195
  -0.00044   -0.00004
  -0.04774    0.01240
   0.00498    0.04157
  -0.00028   -0.00037
  -0.04902   -0.02331
  -0.02625    0.04105
  -0.00009   -0.00012
  -0.04909   -0.02364
  -0.02636    0.04125
   0.00009    0.00012
  -0.04909   -0.02364
  -0.02636    0.04125
   0.00028    0.00037
  -0.04902   -0.02331
  -0.02625    0.04105
  -0.00008   -0.00025
  -0.05188   -0.01168
  -0.01650    0.04448
  -0.00003   -0.00008
  -0.05197   -0.01197
  -0.01659    0.04469
   0.00003    0.00008
  -0.05197   -0.01197
  -0.01659    0.04469
   0.00008    0.00025
  -0.05188   -0.01168
  -0.01650    0.04448
   0.00013   -0.00011
  -0.05479   -0.00078
  -0.00693    0.04848
   0.00004   -0.00003
  -0.05490   -0.00098
  -0.00699    0.04877
  -0.00004    0.00003
  -0.05490   -0.00098
  -0.00699    0.04877
  -0.00013    0.00011
  -0.05479   -0.00078
  -0.00693    0.04848
   0.00033    0.00000
  -0.05794    0.00994
   0.00273    0.05361
   0.00011    0.00001
  -0.05806    0.00975
   0.00269    0.05389
  -0.00011   -0.00001
  -0.05806    0.00975
   0.00269    0.05389
  -0.00033   -0.00000
  -0.05794    0.00994
   0.00273    0.05361
  -0.00019   -0.00031
  -0.05881   -0.02883
  -0.02989    0.05187
  -0.00006   -0.00010
  -0.05885   -0.02908
  -0.02997    0.05200
   0.00006    0.00010
  -0.05885   -0.02908
  -0.02997    0.05200
   0.00019    0.00031
  -0.05881   -0.02883
  -0.02989    0.05187
  -0.00005   -0.00021
  -0.06192   -0.01665
  -0.01984    0.05610
  -0.00002   -0.00007
  -0.06198   -0.01687
  -0.01991    0.05623
   0.00002    0.00007
  -0.06198   -0.01687
  -0.01991    0.05623
   0.00005    0.00021
  -0.06192   -0.01665
  -0.01984    0.05610
   0.00010   -0.00011
  -0.06505   -0.00506
  -0.00994    0.06071
   0.00003   -0.00003
  -0.06513   -0.00520
  -0.00998    0.06091
  -0.00003    0.00003
  -0.06513   -0.00520
  -0.00998    0.06091
  -0.00010    0.00011
  -0.06505   -0.00506
  -0.00994    0.06071
   0.00024   -0.00003
  -0.06838    0.00643
   0.00005    0.06618
   0.00008   -0.00001
  -0.06845    0.00629
   0.00002    0.06640
  -0.00008    0.00001
  -0.06845    0.00629
   0.00002    0.06640
  -0.00024    0.00003
  -0.06838    0.00643
   0.00005    0.06618
  -0.00012   -0.00024
  -0.06891   -0.03456
  -0.03356    0.06347
  -0.00004   -0.00008
  -0.06893   -0.03474
  -0.03361    0.06354
   0.00004    0.00008
  -0.06893   -0.03474
  -0.03361    0.06354
   0.00012    0.00024
  -0.06891   -0.03456
  -0.03356    0.06347
  -0.00003   -0.00017
  -0.07220   -0.02204
  -0.02330    0.06831
  -0.00001   -0.00005
  -0.07223   -0.02219
  -0.02335    0.06838
   0.00001    0.00005
  -0.07223   -0.02219
  -0.02335    0.06838
   0.00003    0.00017
  -0.07220   -0.02204
  -0.02330    0.06831
   0.00007   -0.00010
  -0.07549   -0.00995
  -0.01316    0.07334
   0.00002   -0.00003
  -0.07554   -0.01004
  -0.01319    0.07348
  -0.00002    0.00003
  -0.07554   -0.01004
  -0.01319    0.07348
  -0.00007    0.00010
  -0.07549   -0.00995
  -0.01316    0.07334
   0.00016   -0.00005
  -0.07893    0.00210
  -0.00295    0.07902
   0.00005   -0.00001
  -0.07898    0.00201
  -0.00297    0.07917
  -0.00005    0.00001
  -0.07898    0.00201
  -0.00297    0.07917
  -0.00016    0.00005
  -0.07893    0.00210
  -0.00295    0.07902
  -0.00006   -0.00017
  -0.07923   -0.04038
  -0.03721    0.07561
  -0.00002   -0.00005
  -0.07923   -0.04050
  -0.03725    0.07563
   0.00002    0.00005
  -0.07923   -0.04050
  -0.03725    0.07563
   0.00006    0.00017
  -0.07923   -0.04038
  -0.03721    0.07561
  -0.00001   -0.00013
  -0.08263   -0.02768
  -0.02683    0.08087
  -0.00000   -0.00004
  -0.08265   -0.02776
  -0.02686    0.08092
   0.00000    0.00004
  -0.08265   -0.02776
  -0.02686    0.08092
   0.00001    0.00013
  -0.08263   -0.02768
  -0.02683    0.08087
   0.00005   -0.00009
  -0.08603   -0.01526
  -0.01654    0.08621
   0.00002   -0.00003
  -0.08606   -0.01531
  -0.01655    0.08629
  -0.00002    0.00003
  -0.08606   -0.01531
  -0.01655    0.08629
  -0.00005    0.00009
  -0.08603   -0.01526
  -0.01654    0.08621
   0.00010   -0.00006
  -0.08954   -0.00284
  -0.00619    0.09198
   0.00003   -0.00002
  -0.08956   -0.00289
  -0.00619    0.09208
  -0.00003    0.00002
  -0.08956   -0.00289
  -0.00619    0.09208
  -0.00010    0.00006
  -0.08954   -0.00284
  -0.00619    0.09198
  -0.00002   -0.00011
  -0.08967   -0.04620
  -0.04084    0.08813
  -0.00001   -0.00003
  -0.08965   -0.04627
  -0.04086    0.08814
   0.00001    0.00003
  -0.08965   -0.04627
  -0.04086    0.08814
   0.00002    0.00011
  -0.08967   -0.04620
  -0.04084    0.08813
  -0.00000   -0.00009
  -0.09314   -0.03342
  -0.03040    0.09364
  -0.00000   -0.00003
  -0.09314   -0.03347
  -0.03041    0.09365
   0.00000    0.00003
  -0.09314   -0.03347
  -0.03041    0.09365
   0.00000    0.00009
  -0.09314   -0.03342
  -0.03040    0.09364
   0.00003   -0.00007
  -0.09660   -0.02083
  -0.02001    0.09916
   0.00001   -0.00002
  -0.09661   -0.02084
  -0.02001    0.09919
  -0.00001    0.00002
  -0.09661   -0.02084
  -0.02001    0.09919
  -0.00003    0.00007
  -0.09660   -0.02083
  -0.02001    0.09916
   0.00005   -0.00006
  -0.10014   -0.00818
  -0.00958    0.10494
   0.00001   -0.00002
  -0.10015   -0.00820
  -0.00958    0.10499
  -0.00001    0.00002
  -0.10015   -0.00820
  -0.00958    0.10499
  -0.00005    0.00006
  -0.10014   -0.00818
  -0.00958    0.10494
   0.00000   -0.00005
  -0.10017   -0.05194
  -0.04442    0.10082
   0.00000   -0.00001
  -0.10014   -0.05199
  -0.04443    0.10083
  -0.00000    0.00001
  -0.10014   -0.05199
  -0.04443    0.10083
  -0.00000    0.00005
  -0.10017   -0.05194
  -0.04442    0.10082
   0.00000   -0.00005
  -0.10367   -0.03919
  -0.03396    0.10648
   0.00000   -0.00001
  -0.10366   -0.03921
  -0.03396    0.10649
  -0.00000    0.00001
  -0.10366   -0.03921
  -0.03396    0.10649
  -0.00000    0.00005
  -0.10367   -0.03919
  -0.03396    0.10648
   0.00001   -0.00004
  -0.10716   -0.02651
  -0.02353    0.11207
   0.00000   -0.00001
  -0.10716   -0.02651
  -0.02352    0.11210
  -0.00000    0.00001
  -0.10716   -0.02651
  -0.02352    0.11210
  -0.00001    0.00004
  -0.10716   -0.02651
  -0.02353    0.11207
   0.00001   -0.00005
  -0.11071   -0.01373
  -0.01306    0.11778
   0.00000   -0.00001
  -0.11070   -0.01376
  -0.01305    0.11783
  -0.00000    0.00001
  -0.11070   -0.01376
  -0.01305    0.11783
  -0.00001    0.00005
  -0.11071   -0.01373
  -0.01306    0.11778
   0.00003   -0.00006
  -0.11068   -0.05767
  -0.04797    0.11353
   0.00001   -0.00002
  -0.11064   -0.05768
  -0.04797    0.11356
  -0.00001    0.00002
  -0.11064   -0.05768
  -0.04797    0.11356
  -0.00003    0.00006
  -0.11068   -0.05767
  -0.04797    0.11353
   0.00001   -0.00005
  -0.11418   -0.04492
  -0.03750    0.11927
   0.00000   -0.00002
  -0.11415   -0.04492
  -0.03750    0.11926
  -0.00000    0.00002
  -0.11415   -0.04492
  -0.03750    0.11926
  -0.00001    0.00005
  -0.11418   -0.04492
  -0.03750    0.11927
   0.00001   -0.00005
  -0.11769   -0.03217
  -0.02705    0.12493
   0.00000   -0.00002
  -0.11767   -0.03216
  -0.02705    0.12492
  -0.00000    0.00002
  -0.11767   -0.03216
  -0.02705    0.12492
  -0.00001    0.00005
  -0.11769   -0.03217
  -0.02705    0.12493
  -0.00000   -0.00008
  -0.12126   -0.01933
  -0.01658    0.13063
  -0.00000   -0.00003
  -0.12122   -0.01938
  -0.01657    0.13063
   0.00000    0.00003
  -0.12122   -0.01938
  -0.01657    0.13063
   0.00000    0.00008
  -0.12126   -0.01933
  -0.01658    0.13063
