6.668782680607349675e+02
3.266413838376347485e+02
3.085192432358918495e+02
2.999722258086427473e+02
2.862295755194523963e+02
6.325070545144804868e+01
3.184135007978207454e+01
2.826516669539231330e+01
2.664525305345541994e+01
2.637666757860517563e+01
2.388743216899349164e+01
2.227781968313253813e+01
1.923774511676568366e+01
1.720778723150949929e+01
1.570331347935299782e+01
1.315708406425287791e+01
1.208861956779755609e+01
1.045582178196362655e+01
9.378491090970682009e+00
8.348749758834655310e+00
6.645225366924208288e+00
6.424774796202284755e+00
6.084414109777782187e+00
5.020070248704110227e+00
4.639177466216333201e+00
4.487961143132920050e+00
3.573857334291210108e+00
3.277233972984607391e+00
3.179420573283337159e+00
3.019486301922685190e+00
2.804916718885694493e+00
2.696521870058472548e+00
2.380138006050926514e+00
2.230181739387406381e+00
2.103376033445704341e+00
2.028926097734775169e+00
1.907352299455487010e+00
1.836365947180891522e+00
1.775078713102429484e+00
1.655953180349065246e+00
1.607705262947872749e+00
1.525376353295875065e+00
1.486384498587675740e+00
1.440022871844737873e+00
1.278081121020082866e+00
1.262726929381463137e+00
1.189360077774968660e+00
1.076136945115482080e+00
1.045909738402628575e+00
1.001548653327615002e+00
8.964972524668682885e-01
8.794132328696755430e-01
8.276072489880177407e-01
7.876499517210870938e-01
7.483402147693088979e-01
7.223312013364737716e-01
6.742404138612672071e-01
6.284302160445323082e-01
6.251776529076337185e-01
6.057105381881852102e-01
5.757906395579978076e-01
5.526938871389337482e-01
5.487899074113137265e-01
5.241508292738621400e-01
5.054206706325690135e-01
4.808781148729365240e-01
4.483469686420761269e-01
3.961067263553468276e-01
3.833960505652621031e-01
3.771235638558793624e-01
3.500180090848556413e-01
3.376494058593202952e-01
3.227605969198086289e-01
3.200542247531626416e-01
3.041559075787195754e-01
2.842154517083580467e-01
2.590804698343073253e-01
2.397248110202114257e-01
2.311009779281992527e-01
2.290027305879565878e-01
2.258268855655908569e-01
2.147977955756691093e-01
2.098408609509416767e-01
1.992553720637116887e-01
1.882588541171670848e-01
1.809183629326689968e-01
1.750109523721853910e-01
1.670327632725409350e-01
1.621916007960804429e-01
1.524834138783742743e-01
1.493946891109028674e-01
1.448294513638487546e-01
1.401790507015795439e-01
1.357374966990659015e-01
1.303605285284323290e-01
1.249460876109992208e-01
1.212185139839298958e-01
1.129194060266399957e-01
1.064738987310343554e-01
1.035400809795685301e-01
1.006633471047693462e-01
9.496449651080325627e-02
9.377937540408030903e-02
9.247348448405696975e-02
8.714622839560963452e-02
8.183827327204806767e-02
7.856752484889385768e-02
7.619599172062191395e-02
7.248092519563537062e-02
7.147141997516189005e-02
7.008789127573923639e-02
6.874564627379924076e-02
6.734542688658468057e-02
6.496513809415276064e-02
6.370700096029729975e-02
6.293955656441144186e-02
6.061077059486257718e-02
5.648256091583191141e-02
5.594493234890546979e-02
5.349354685408266169e-02
5.206767780745594904e-02
5.128376507713450216e-02
4.930900141815947740e-02
4.706029417135763893e-02
4.619875575363616843e-02
4.455300440746888524e-02
4.388275799286234236e-02
4.328265185444185592e-02
4.210526478736408701e-02
4.058638389102215555e-02
3.934787848023693635e-02
3.874781443082352811e-02
3.790458360347524064e-02
3.725226154253193783e-02
3.705207472180090111e-02
3.461823040696326154e-02
3.430875531703193176e-02
3.351886511529494211e-02
3.292289202946905441e-02
3.147171028293164335e-02
3.040685747459507399e-02
2.992651330101326126e-02
2.900745064441747137e-02
2.857990466841167643e-02
2.789211531756998277e-02
2.736390018512882896e-02
2.639795607224952947e-02
2.581535093028849287e-02
2.531689257790618874e-02
2.510483932903295745e-02
2.458296719667716138e-02
2.386222957824388202e-02
2.357436647139160221e-02
2.322921233850273534e-02
2.279918151031056980e-02
2.218590619579818499e-02
2.186339444803132512e-02
2.163980817221772268e-02
2.082916726152987674e-02
2.047257306730795173e-02
1.992292804638139125e-02
1.966542711957732989e-02
1.937103616601980327e-02
1.859682853895609431e-02
1.852818193344106870e-02
1.820171749777739836e-02
1.779845782109116745e-02
1.766398665443735458e-02
1.754656077857667459e-02
1.717481510132904191e-02
1.651596007093452528e-02
1.628380709058708728e-02
1.614551101071180425e-02
1.598332503187845088e-02
1.568361074088784821e-02
1.535399401344225180e-02
1.528351296446420031e-02
1.500316099641050421e-02
1.496550196623772436e-02
1.485304370608702199e-02
1.466472032790496274e-02
1.437453755508089071e-02
1.404070461464767931e-02
1.382249464896951816e-02
1.367622829017618551e-02
1.359998217489985679e-02
1.358187653643326900e-02
1.313831776688063890e-02
1.307139158035062511e-02
1.294571395850791472e-02
1.279752210476510152e-02
1.274249548804292850e-02
1.256931213234285111e-02
1.240100371810226414e-02
1.237894884290057819e-02
1.225934130307383164e-02
1.223480938307057279e-02
1.213994124974243638e-02
1.206047018840603405e-02
1.189834002784188535e-02
1.181716396260251538e-02
1.174990512601972216e-02
1.167953631006318597e-02
1.156759604602554219e-02
1.150998577299887013e-02
1.143629692418248779e-02
1.136688267506133672e-02
1.133613775293418856e-02
1.130338622312688883e-02
1.125629193785805497e-02
1.116915945551671605e-02
1.106967018503923414e-02
1.102222418888578089e-02
1.088396184852887319e-02
1.082571822391674779e-02
1.079660402236548578e-02
1.076624812183835794e-02
1.073947262639548574e-02
1.071718707294434109e-02
1.061767695583811476e-02
1.055137008122798876e-02
1.051565747777803532e-02
1.045721898387912997e-02
1.043707850383698149e-02
1.037159514962402058e-02
1.032639770066154546e-02
1.028924540039505807e-02
1.022709153795319653e-02
1.019409204058961509e-02
1.010505548646124969e-02
1.005142230687284394e-02
1.002862931267201746e-02
9.990119090165604579e-03
9.969588489978354479e-03
9.903287918294539569e-03
9.856460270439005439e-03
9.834593929775111917e-03
9.776827531586682746e-03
9.737693640767047451e-03
9.664026145168270673e-03
9.595342859748265396e-03
9.518663263392289006e-03
9.507533733376007795e-03
9.456032762883911924e-03
9.438046273857719770e-03
9.381671897299005344e-03
9.301517119476691159e-03
9.274243462876847685e-03
9.214669776205022117e-03
9.189159792974811378e-03
9.143620059113930637e-03
9.098378604649508261e-03
9.072134878868716445e-03
9.056989363991433881e-03
8.942484929121021983e-03
8.928771086986709779e-03
8.885715523058225832e-03
8.854185479337257914e-03
8.797405785120497590e-03
8.744583780399835249e-03
8.684850044082559686e-03
8.663446503614207622e-03
8.627146471392817609e-03
8.609510780967687127e-03
8.515568981349095137e-03
8.486549702573209161e-03
8.427379503304072497e-03
8.417831859129509472e-03
8.367791485458042980e-03
8.346415299554509060e-03
8.336203652828236277e-03
8.264826915692429291e-03
8.243372095938311661e-03
8.181046674552121603e-03
8.168408403696442860e-03
8.050151211980641555e-03
8.015533969482386764e-03
7.998178573359791821e-03
7.936006017473845944e-03
7.919575963036952146e-03
7.845429163693070501e-03
7.809512816286622722e-03
7.742979884180857530e-03
7.680119825450278451e-03
7.646948914372558338e-03
7.609727750675521034e-03
7.594035474918353623e-03
7.546462398967832171e-03
7.495538297389687035e-03
7.427999726795894535e-03
7.417441081738442715e-03
7.346818253145192060e-03
7.307139170871915397e-03
7.245217666327431576e-03
7.198538287899221809e-03
7.139625753044489750e-03
7.056723626449875469e-03
7.029254132660514923e-03
7.009882448964722436e-03
6.871400681123110768e-03
6.842367082117848352e-03
6.826607956792657417e-03
6.747287405815161239e-03
6.676413386103856318e-03
6.642691789914532269e-03
6.530076084982614805e-03
6.496000618979784133e-03
6.257586971007830443e-03
6.194259073978192198e-03
6.154492448600046989e-03
5.939261914545038157e-03
5.924556674318679980e-03
5.791400653384270666e-03
5.735658705491713041e-03
5.372823867648738975e-03
5.270786284351577401e-03
4.853925239528160580e-03
4.124549991841761423e-03
3.884458373776657116e-03
2.943685132566844359e-03
