6.007610578333516287e+02
2.930757567787558173e+02
2.750381375008629448e+02
2.692916328347598096e+02
2.548338751451553037e+02
5.379228599499111141e+01
2.543857917136387314e+01
2.363427799695725184e+01
2.268030136052133727e+01
2.126247115648421016e+01
2.057748090297234356e+01
1.945586719298134781e+01
1.705688184014820763e+01
1.527761781470509206e+01
1.343304508458140312e+01
1.135936318911439891e+01
1.061135599560997811e+01
1.001693181165911639e+01
7.823797325063998720e+00
6.916057538400191440e+00
5.824374682178444118e+00
5.579224503853079220e+00
5.033423869861652911e+00
4.345731464713571413e+00
4.076421048145386195e+00
3.888378732657592263e+00
3.637893019624284463e+00
3.159701020902706770e+00
3.090703880370245571e+00
2.929852817013898214e+00
2.631126915728228877e+00
2.500780310965684539e+00
2.435626669699246793e+00
2.327435917182035574e+00
2.000562206429368217e+00
1.892525617160041307e+00
1.760208964101260820e+00
1.712810775257036955e+00
1.699726443146970523e+00
1.587628414326992754e+00
1.538518248399426414e+00
1.404926343408895661e+00
1.339091107079144249e+00
1.269148229142937678e+00
1.217463773373637981e+00
1.138782976189242735e+00
1.097127006448782138e+00
1.008748188599533524e+00
9.498692194468507655e-01
9.280274931383017956e-01
8.847795125325044197e-01
8.561638061276269918e-01
8.022292961960946212e-01
7.257877892380272256e-01
6.337296046187099741e-01
6.179631479508631564e-01
5.935361439766393410e-01
5.488495279310048325e-01
5.181838755796431828e-01
5.069229076940885426e-01
4.840876942396478144e-01
4.694591722551665347e-01
4.541143264146598746e-01
4.381458803660466805e-01
4.231029785360359008e-01
3.924426005722176369e-01
3.703417740874231368e-01
3.436527625722737844e-01
3.420270214733369674e-01
2.977243918597693995e-01
2.698956503445493205e-01
2.543172869365951660e-01
2.514269186033669667e-01
2.356660380963632173e-01
2.291241018291218789e-01
2.219868330246302368e-01
2.163990756321709230e-01
2.028492616498543955e-01
1.943797027653366982e-01
1.841004065686307756e-01
1.755105676477815291e-01
1.644848640043101717e-01
1.581311462759631969e-01
1.535167638904824383e-01
1.506257140350359403e-01
1.496770454868441569e-01
1.339309596933997426e-01
1.238040962102658765e-01
1.214457036897053366e-01
1.137282761187527608e-01
1.118726645279429222e-01
1.098641634554469448e-01
1.067834338115421777e-01
1.039330581814869869e-01
1.007378357573650435e-01
9.147105686325339435e-02
8.892169112726559799e-02
8.260942158348635878e-02
8.049154529448501738e-02
7.700341565227203366e-02
7.583257590267732107e-02
7.292951015774896961e-02
6.986808794797211286e-02
6.847827154162329510e-02
6.778865658826886686e-02
6.501478144384797986e-02
6.286275219689239913e-02
5.949773917722241817e-02
5.776864346383069754e-02
5.520615669997363389e-02
5.291688151797319106e-02
5.166610049657963111e-02
5.074569654275047637e-02
4.901463244361849159e-02
4.758331514675626789e-02
4.660979648677675974e-02
4.593485426719057241e-02
4.464765782457957854e-02
4.270996916865621440e-02
4.127666992830494874e-02
3.963965691445453521e-02
3.761369547485598347e-02
3.677712057465886558e-02
3.551152074566096134e-02
3.514818376867752392e-02
3.410819018111970607e-02
3.299232710095247739e-02
3.267444516753317818e-02
3.179514401614508268e-02
3.037529080873450568e-02
2.959472561526239193e-02
2.834540517821751773e-02
2.774522443746902170e-02
2.715958291917686465e-02
2.608904520655377229e-02
2.544084925510095227e-02
2.467838368434483245e-02
2.425400465802694111e-02
2.347454556500667283e-02
2.308848088723430836e-02
2.268476043252417793e-02
2.232775594153881688e-02
2.214738523620629271e-02
2.129170072664263169e-02
2.098793936911282076e-02
2.064277228212881010e-02
1.992610142985093771e-02
1.975061955136238681e-02
1.907517319297047376e-02
1.876796496656771979e-02
1.817545356630180867e-02
1.786066479329100412e-02
1.768706071582672873e-02
1.747786121234553083e-02
1.685828327181665073e-02
1.653630771268943533e-02
1.606843284908802266e-02
1.592993107096253580e-02
1.542926346647618095e-02
1.502981125321926556e-02
1.487516630505778675e-02
1.460587400442123034e-02
1.440314462370501612e-02
1.425995012222939715e-02
1.412024162081869545e-02
1.406271813700998678e-02
1.366656079086930875e-02
1.342428839134778527e-02
1.336960364744780791e-02
1.315413905637914140e-02
1.283935084810159701e-02
1.280559934958323993e-02
1.263509421184365322e-02
1.255064689546670116e-02
1.249820069982432794e-02
1.234965554008504544e-02
1.217533268413107869e-02
1.209002274219279395e-02
1.202935778454905687e-02
1.196874183323484893e-02
1.185790129142349353e-02
1.181634168438213534e-02
1.166358018467845634e-02
1.161280161664439946e-02
1.151335318227751994e-02
1.141315744336942467e-02
1.129332857668554312e-02
1.125143587141886996e-02
1.120462980067212996e-02
1.116643364288469852e-02
1.105624645971670268e-02
1.100648870952907789e-02
1.096708875185625938e-02
1.092209397207070769e-02
1.089976557066694822e-02
1.078556758956394912e-02
1.071557756959048285e-02
1.067182354122293494e-02
1.061320442021712607e-02
1.052433732167319322e-02
1.049893651316951421e-02
1.044627172223292974e-02
1.036703000715175765e-02
1.028182472557037132e-02
1.022183668160910920e-02
1.018709527040248530e-02
1.012100885190261174e-02
1.008519343797985995e-02
1.003401099522283763e-02
1.001736474827524467e-02
9.970654684812469554e-03
9.881414871685929857e-03
9.836487026806901846e-03
9.764495686439330496e-03
9.744313730651068400e-03
9.659229272095778279e-03
9.639109060587706598e-03
9.609358214550724545e-03
9.565548804063411445e-03
9.478292001280780310e-03
9.448264072181513859e-03
9.397961025846723881e-03
9.371169010989490941e-03
9.335458361877135500e-03
9.276631142930672966e-03
9.240982835976855464e-03
9.166432314029641232e-03
9.136614452223596611e-03
9.060849791422362701e-03
9.029899309334473920e-03
8.974402499285584478e-03
8.961863622401793766e-03
8.895712330611482699e-03
8.845744619216435942e-03
8.822654192086403294e-03
8.773489223325426495e-03
8.734055491690762008e-03
8.665010095964471512e-03
8.621218361104788369e-03
8.589999911378414649e-03
8.499229968053653370e-03
8.494011355039464070e-03
8.456051412003609200e-03
8.368707695096004595e-03
8.339885462383541184e-03
8.313959858159254701e-03
8.250132423892071049e-03
8.219046349289244047e-03
8.176435685283171481e-03
8.143073077238287619e-03
8.061324649046181304e-03
8.028400081117397294e-03
7.993417026830925559e-03
7.969507180227052706e-03
7.931979325168410019e-03
7.879572394676938318e-03
7.823656776628225284e-03
7.781444007912085258e-03
7.728265296376927128e-03
7.656199557983312150e-03
7.608741043841905395e-03
7.551270541425290569e-03
7.539507314702140195e-03
7.458414719869820020e-03
7.352469185751136192e-03
7.292477047065030159e-03
7.241844464904226980e-03
7.214970561472608228e-03
7.142732366099511544e-03
7.073244329346735013e-03
7.048651299924198720e-03
6.981634340910963105e-03
6.899678304714751929e-03
6.855059889351364406e-03
6.828034325391668657e-03
6.742471751109944088e-03
6.695500229256926006e-03
6.500845369708627315e-03
6.437150405758179650e-03
6.313588679902150391e-03
6.202169860232858468e-03
6.141007111745460517e-03
6.055730412400227303e-03
5.699545793595146501e-03
5.579790611774928730e-03
4.934577663960913047e-03
4.142874702303621023e-03
3.981667882139566621e-03
2.919419748702281516e-03
2.668438121972828258e-13
4.182440771105403371e-14
4.182440771105403371e-14
4.182440771105403371e-14
4.182440771105403371e-14
4.182440771105403371e-14
4.182440771105403371e-14
4.182440771105403371e-14
4.182440771105403371e-14
4.182440771105403371e-14
4.182440771105403371e-14
4.182440771105403371e-14
4.182440771105403371e-14
4.182440771105403371e-14
4.182440771105403371e-14
4.182440771105403371e-14
4.182440771105403371e-14
4.182440771105403371e-14
4.182440771105403371e-14
4.182440771105403371e-14
4.182440771105403371e-14
4.182440771105403371e-14
4.182440771105403371e-14
4.182440771105403371e-14
4.182440771105403371e-14
4.182440771105403371e-14
4.182440771105403371e-14
4.182440771105403371e-14
2.669443190174302823e-15
1.632055339145136276e-15
9.467798252630825538e-16
