66 1
   0.00000
   0.00000
   0.00000
   2.04108
   0.00000
   0.00000
   1.99024
   0.99151
   1.64103
   0.69192
   2.18587
   0.00000
   0.89732
   1.86697
   0.00000
   0.00000
   1.04227
   0.82813
   1.31621
   0.93351
   2.18311
   1.26963
   1.08063
   0.75098
   1.24869
   0.00000
   1.67807
   0.00000
   0.83958
   3.09070
   1.69524
   1.33931
   0.43359
   1.45854
   0.00000
   1.63588
   0.44340
   0.00000
   1.77362
   1.11983
   1.28164
   1.02715
   0.00000
   0.00000
   1.39014
   1.05313
   1.24816
   0.77974
   0.00000
   0.00000
   0.00000
   1.71821
   1.20212
   0.00000
   0.00000
   2.25802
   1.55978
   0.00000
   0.00000
   1.50422
   0.00000
   0.00000
   1.72420
   0.00000
   0.00000
   1.56229
