960 8
   0.00000    0.00000    0.00000    0.00000    0.00000    0.00000    0.00000    0.00000
   0.00000    0.00000   -0.00000    0.00000   -0.00000    0.00000   -0.00000    0.00000
   0.00000    0.00000   -0.00000    0.00000   -0.00000    0.00000    0.00000    0.00000
   0.00000    0.00000   -0.00000    0.00000    0.00000   -0.00000   -0.00000   -0.00000
  -0.00000    0.00000   -0.00000    0.00000   -0.00000    0.00000   -0.00000    0.00000
  -0.00000    0.00000   -0.00000    0.00000   -0.00000    0.00000    0.00000    0.00000
   0.00000    0.00000   -0.00000    0.00000   -0.00000    0.00000   -0.00000   -0.00000
  -0.00000    0.00000   -0.00000    0.00000    0.00000    0.00000   -0.00000    0.00000
  -0.00000    0.00000   -0.00000    0.00000    0.00000    0.00000    0.00000    0.00000
  -0.00000   -0.00000   -0.00000   -0.00000   -0.00000    0.00000    0.00000   -0.00000
  -0.00000    0.00000   -0.00000    0.00000    0.00000    0.00000   -0.00000    0.00000
  -0.00000    0.00000   -0.00000    0.00000    0.00000    0.00000    0.00000    0.00000
   0.00000    0.00000    0.00000    0.00000    0.00000    0.00000    0.00000    0.00000
  -0.00000   -0.00000   -0.00000   -0.00000    0.00000    0.00000    0.00000    0.00000
   0.00000   -0.00000   -0.00000    0.00000   -0.00000    0.00000   -0.00000    0.00000
   0.00000   -0.00000    0.00000   -0.00000   -0.00000   -0.00000   -0.00000   -0.00000
  -0.00000   -0.00000    0.00000    0.00000    0.00000    0.00000    0.00000    0.00000
   0.00000    0.00000   -0.00000    0.00000   -0.00000    0.00000    0.00000    0.00000
   0.00000    0.00000    0.00000    0.00000    0.00000    0.00000    0.00000    0.00000
  -0.00000   -0.00000   -0.00000   -0.00000   -0.00000    0.00000    0.00000   -0.00000
  -0.00000    0.00000   -0.00000    0.00000    0.00000    0.00000    0.00000    0.00000
   0.00000    0.00000    0.00000    0.00000    0.00000   -0.00000   -0.00000    0.00000
  -0.00000   -0.00000   -0.00000   -0.00000   -0.00000    0.00000    0.00000    0.00000
  -0.00000    0.00000   -0.00000    0.00000    0.00000    0.00000    0.00000    0.00000
   0.00000    0.00000    0.00000    0.00000    0.00000    0.00000    0.00000    0.00000
   0.00000    0.00000    0.00000    0.00000    0.00000    0.00000    0.00000    0.00000
   0.00000   -0.00000    0.00000   -0.00000   -0.00000    0.00000    0.00000    0.00000
   0.00000    0.00000    0.00000    0.00000    0.00000    0.00000    0.00000    0.00000
   0.00000    0.00000    0.00000    0.00000    0.00000    0.00000    0.00000    0.00000
   0.00000   -0.00000    0.00000   -0.00000   -0.00000    0.00000    0.00000    0.00000
   0.00000    0.00000    0.00000    0.00000    0.00000    0.00000    0.00000    0.00000
   0.00000    0.00000    0.00000    0.00000    0.00000    0.00000    0.00000    0.00000
  -0.00000   -0.00000    0.00000    0.00000    0.00000    0.00000    0.00000    0.00000
   0.00000    0.00000    0.00000    0.00000    0.00000    0.00000    0.00000    0.00000
   0.00000    0.00000    0.00000    0.00000    0.00000    0.00000    0.00000    0.00000
  -0.00000   -0.00000    0.00000    0.00000    0.00000    0.00000    0.00000    0.00000
   0.00000    0.00000    0.00000    0.00000    0.00000    0.00000    0.00000    0.00000
   0.00000    0.00000    0.00000    0.00000    0.00000    0.00000    0.00000    0.00000
   0.00000   -0.00000    0.00000   -0.00000   -0.00000    0.00000    0.00000    0.00000
   0.00000    0.00000    0.00000    0.00000    0.00000    0.00000    0.00000    0.00000
   0.00000    0.00000    0.00000    0.00000    0.00000    0.00000    0.00000    0.00000
   0.00000   -0.00000    0.00000   -0.00000    0.00000    0.00000    0.00000    0.00000
   0.00000    0.00000    0.00000    0.00000    0.00000    0.00000    0.00000    0.00000
   0.00000    0.00000    0.00000    0.00000    0.00000    0.00000    0.00000    0.00000
   0.00000   -0.00000    0.00000   -0.00000    0.00000    0.00000    0.00000    0.00000
   0.00000    0.00000    0.00000    0.00000    0.00000    0.00000    0.00000    0.00000
   0.00000    0.00000    0.00000    0.00000    0.00000    0.00000    0.00000    0.00000
  -0.00000   -0.00000    0.00000    0.00000    0.00000    0.00000    0.00000    0.00000
   0.00017    0.00022   -0.00251   -0.00007   -0.00578   -0.00093    0.00037   -0.00328
  -0.00001    0.00164   -0.00541    0.00079   -0.00044    0.00158   -0.01089    0.00233
   0.00024    0.00101   -0.00680    0.00074   -0.00316    0.00019    0.00268    0.00126
   0.00017    0.00001   -0.00071   -0.00050   -0.00504   -0.00019   -0.00064   -0.00407
  -0.00043    0.00197   -0.00608    0.00102    0.00000    0.00097   -0.01049    0.00268
  -0.00052    0.00148   -0.00642    0.00101   -0.00001    0.00012    0.00548    0.00252
   0.00039   -0.00023    0.00052   -0.00096   -0.00499    0.00074   -0.00203   -0.00500
  -0.00068    0.00212   -0.00600    0.00122    0.00054   -0.00002   -0.01058    0.00307
  -0.00122    0.00191   -0.00620    0.00120    0.00149    0.00019    0.00570    0.00322
   0.00093   -0.00077    0.00214   -0.00160   -0.00593    0.00140   -0.00335   -0.00679
  -0.00082    0.00214   -0.00514    0.00127    0.00092   -0.00070   -0.01115    0.00322
  -0.00206    0.00237   -0.00607    0.00168    0.00493    0.00102    0.00422    0.00582
   0.00060   -0.00030   -0.00096   -0.00015   -0.00476   -0.00088    0.00029   -0.00258
  -0.00017    0.00158   -0.00414    0.00057    0.00032   -0.00000   -0.00301    0.00072
   0.00078   -0.00032   -0.00194   -0.00003   -0.00324    0.00152   -0.00007    0.00014
   0.00041   -0.00020   -0.00036   -0.00037   -0.00392   -0.00033   -0.00038   -0.00305
  -0.00034    0.00173   -0.00479    0.00069   -0.00013   -0.00063   -0.00321    0.00051
   0.00004    0.00013   -0.00162    0.00028   -0.00025    0.00123    0.00234    0.00180
   0.00048   -0.00027    0.00007   -0.00071   -0.00385    0.00054   -0.00162   -0.00387
  -0.00038    0.00176   -0.00478    0.00081   -0.00022   -0.00163   -0.00343    0.00048
  -0.00058    0.00050   -0.00143    0.00053    0.00155    0.00124    0.00270    0.00301
   0.00086   -0.00051    0.00049   -0.00118   -0.00486    0.00102   -0.00268   -0.00561
  -0.00029    0.00167   -0.00409    0.00073   -0.00073   -0.00233   -0.00375    0.00001
  -0.00137    0.00094   -0.00125    0.00103    0.00486    0.00181    0.00173    0.00604
   0.00083   -0.00065    0.00048   -0.00000   -0.00276   -0.00118    0.00077   -0.00113
  -0.00045    0.00177   -0.00420    0.00050    0.00060   -0.00200    0.00382   -0.00101
   0.00129   -0.00102    0.00126   -0.00046   -0.00261    0.00224    0.00045    0.00003
   0.00048   -0.00033    0.00007   -0.00009   -0.00197   -0.00079    0.00006   -0.00150
  -0.00045    0.00183   -0.00491    0.00054   -0.00037   -0.00252    0.00322   -0.00157
   0.00051   -0.00055    0.00134   -0.00013   -0.00020    0.00167    0.00276    0.00166
   0.00042   -0.00020   -0.00035   -0.00032   -0.00194   -0.00003   -0.00121   -0.00230
  -0.00031    0.00174   -0.00495    0.00058   -0.00099   -0.00350    0.00288   -0.00201
  -0.00010   -0.00019    0.00154    0.00016    0.00170    0.00148    0.00314    0.00308
   0.00062   -0.00021   -0.00094   -0.00066   -0.00291    0.00040   -0.00230   -0.00404
  -0.00005    0.00155   -0.00432    0.00042   -0.00202   -0.00425    0.00272   -0.00302
  -0.00082    0.00023    0.00193    0.00061    0.00445    0.00174    0.00207    0.00607
   0.00090   -0.00095    0.00217    0.00012   -0.00051   -0.00124    0.00168    0.00060
  -0.00103    0.00238   -0.00564    0.00061    0.00097   -0.00424    0.01130   -0.00277
   0.00194   -0.00243    0.00607   -0.00116   -0.00232    0.00366    0.00426    0.00011
   0.00037   -0.00034    0.00053    0.00018    0.00015   -0.00100    0.00065    0.00018
  -0.00080    0.00231   -0.00650    0.00059   -0.00063   -0.00467    0.01014   -0.00378
   0.00113   -0.00195    0.00609   -0.00078    0.00006    0.00282    0.00690    0.00208
   0.00018   -0.00003   -0.00070    0.00005    0.00016   -0.00022   -0.00077   -0.00058
  -0.00043    0.00210   -0.00662    0.00053   -0.00195   -0.00559    0.00965   -0.00478
   0.00045   -0.00155    0.00631   -0.00038    0.00261    0.00258    0.00747    0.00423
   0.00018    0.00027   -0.00250   -0.00013   -0.00083    0.00006   -0.00219   -0.00243
   0.00007    0.00174   -0.00598    0.00022   -0.00366   -0.00633    0.00973   -0.00653
  -0.00026   -0.00114    0.00678    0.00010    0.00532    0.00261    0.00614    0.00752
   0.00133   -0.00079   -0.00219   -0.00083   -0.01467   -0.00260   -0.00183   -0.00860
  -0.00092    0.00414   -0.01330    0.00205    0.00079    0.00387   -0.01865    0.00634
   0.00044    0.00127   -0.01189    0.00101   -0.00473    0.00124    0.01357    0.00150
   0.00135   -0.00072   -0.00107   -0.00155   -0.01399   -0.00039   -0.00254   -0.00986
  -0.00132    0.00435   -0.01387    0.00234    0.00070    0.00233   -0.01932    0.00627
  -0.00108    0.00228   -0.01165    0.00154   -0.00012    0.00084    0.01777    0.00341
   0.00161   -0.00082    0.00009   -0.00235   -0.01365    0.00200   -0.00367   -0.01123
  -0.00156    0.00450   -0.01379    0.00263    0.00103    0.00037   -0.01971    0.00625
  -0.00254    0.00317   -0.01118    0.00194    0.00310    0.00114    0.01838    0.00519
   0.00206   -0.00101    0.00107   -0.00316   -0.01386    0.00394   -0.00457   -0.01290
  -0.00164    0.00459   -0.01306    0.00274    0.00090   -0.00136   -0.01986    0.00583
  -0.00405    0.00397   -0.01047    0.00254    0.00829    0.00278    0.01610    0.00882
   0.00179   -0.00110   -0.00119   -0.00049   -0.01133   -0.00304   -0.00167   -0.00658
  -0.00115    0.00430   -0.01282    0.00171    0.00038    0.00006   -0.00457    0.00200
   0.00155   -0.00065   -0.00406   -0.00031   -0.00523    0.00346    0.00888    0.00003
   0.00165   -0.00096   -0.00075   -0.00109   -0.01060   -0.00094   -0.00202   -0.00764
  -0.00133    0.00438   -0.01342    0.00193   -0.00014   -0.00140   -0.00542    0.00168
   0.00006    0.00030   -0.00375    0.00032   -0.00053    0.00265    0.01266    0.00261
   0.00174   -0.00095   -0.00034   -0.00178   -0.01027    0.00138   -0.00281   -0.00892
  -0.00135    0.00440   -0.01341    0.00216   -0.00030   -0.00340   -0.00590    0.00136
  -0.00136    0.00115   -0.00329    0.00088    0.00344    0.00260    0.01345    0.00530
   0.00204   -0.00107   -0.00005   -0.00249   -0.01052    0.00334   -0.00336   -0.01056
  -0.00122    0.00436   -0.01278    0.00220   -0.00090   -0.00518   -0.00602    0.00065
  -0.00284    0.00197   -0.00266    0.00158    0.00874    0.00369    0.01178    0.00960
   0.00202   -0.00134    0.00001    0.00001   -0.00710   -0.00387   -0.00099   -0.00431
  -0.00152    0.00456   -0.01299    0.00148   -0.00011   -0.00408    0.00552   -0.00211
   0.00263   -0.00197    0.00224   -0.00121   -0.00474    0.00478    0.00961   -0.00053
   0.00173   -0.00108   -0.00032   -0.00046   -0.00629   -0.00189   -0.00129   -0.00520
  -0.00148    0.00451   -0.01367    0.00162   -0.00110   -0.00541    0.00496   -0.00279
   0.00114   -0.00113    0.00274   -0.00056   -0.00044    0.00344    0.01341    0.00239
   0.00165   -0.00093   -0.00075   -0.00104   -0.00598    0.00044   -0.00207   -0.00636
  -0.00127    0.00439   -0.01372    0.00176   -0.00183   -0.00737    0.00435   -0.00355
  -0.00027   -0.00029    0.00319    0.00008    0.00374    0.00302    0.01423    0.00546
   0.00178   -0.00093   -0.00122   -0.00168   -0.00629    0.00250   -0.00259   -0.00809
  -0.00093    0.00422   -0.01316    0.00172   -0.00299   -0.00920    0.00372   -0.00474
  -0.00173    0.00062    0.00363    0.00087    0.00862    0.00344    0.01247    0.01008
   0.00205   -0.00139    0.00115    0.00054   -0.00276   -0.00472    0.00030   -0.00183
  -0.00205    0.00498   -0.01404    0.00136   -0.00044   -0.00813    0.01885   -0.00628
   0.00374   -0.00391    0.00999   -0.00233   -0.00454    0.00599    0.01648   -0.00111
   0.00162   -0.00106    0.00013    0.00015   -0.00194   -0.00258   -0.00034   -0.00253
  -0.00180    0.00481   -0.01482    0.00142   -0.00192   -0.00917    0.01802   -0.00727
   0.00227   -0.00313    0.01055   -0.00161   -0.00016    0.00421    0.02064    0.00231
   0.00137   -0.00081   -0.00105   -0.00035   -0.00161   -0.00009   -0.00136   -0.00363
  -0.00139    0.00456   -0.01495    0.00145   -0.00330   -0.01099    0.01734   -0.00838
   0.00086   -0.00230    0.01100   -0.00084    0.00464    0.00351    0.02158    0.00593
   0.00133   -0.00072   -0.00220   -0.00091   -0.00188    0.00220   -0.00221   -0.00515
  -0.00082    0.00426   -0.01441    0.00130   -0.00507   -0.01289    0.01675   -0.01015
  -0.00057   -0.00137    0.01138    0.00006    0.00955    0.00339    0.01950    0.01112
   0.00329   -0.00227   -0.00203   -0.00179   -0.02648   -0.00471   -0.00454   -0.01421
  -0.00246    0.00703   -0.02386    0.00364    0.00182    0.00811   -0.02361    0.01144
   0.00057    0.00094   -0.01551    0.00047   -0.00551    0.00315    0.03191   -0.00100
   0.00330   -0.00196   -0.00140   -0.00294   -0.02556   -0.00037   -0.00470   -0.01580
  -0.00279    0.00705   -0.02406    0.00407    0.00195    0.00551   -0.02544    0.01142
  -0.00164    0.00237   -0.01513    0.00119   -0.00020    0.00231    0.03498    0.00138
   0.00352   -0.00176   -0.00084   -0.00409   -0.02475    0.00403   -0.00504   -0.01734
  -0.00298    0.00716   -0.02399    0.00452    0.00236    0.00234   -0.02610    0.01108
  -0.00378    0.00367   -0.01446    0.00176    0.00405    0.00263    0.03585    0.00404
   0.00394   -0.00170   -0.00034   -0.00528   -0.02426    0.00809   -0.00536   -0.01926
  -0.00303    0.00737   -0.02364    0.00488    0.00236   -0.00096   -0.02555    0.01046
  -0.00595    0.00488   -0.01345    0.00246    0.01031    0.00461    0.03504    0.00826
   0.00373   -0.00241   -0.00150   -0.00094   -0.02008   -0.00606   -0.00360   -0.01120
  -0.00271    0.00733   -0.02383    0.00309    0.00010    0.00131   -0.00608    0.00384
   0.00221   -0.00107   -0.00584   -0.00120   -0.00633    0.00539    0.02830   -0.00231
   0.00359   -0.00215   -0.00126   -0.00201   -0.01911   -0.00165   -0.00384   -0.01268
  -0.00284    0.00724   -0.02414    0.00347   -0.00006   -0.00123   -0.00751    0.00363
   0.00002    0.00030   -0.00536   -0.00035   -0.00066    0.00398    0.03129    0.00075
   0.00366   -0.00201   -0.00108   -0.00312   -0.01830    0.00285   -0.00399   -0.01420
  -0.00282    0.00723   -0.02413    0.00389    0.00008   -0.00446   -0.00821    0.00316
  -0.00210    0.00157   -0.00468    0.00043    0.00465    0.00377    0.03228    0.00416
   0.00393   -0.00199   -0.00097   -0.00425   -0.01784    0.00708   -0.00436   -0.01597
  -0.00266    0.00730   -0.02380    0.00419   -0.00024   -0.00773   -0.00814    0.00239
  -0.00426    0.00281   -0.00378    0.00129    0.01127    0.00507    0.03171    0.00910
   0.00393   -0.00245   -0.00084    0.00003   -0.01309   -0.00766   -0.00273   -0.00854
  -0.00307    0.00759   -0.02411    0.00263   -0.00162   -0.00536    0.00565   -0.00303
   0.00379   -0.00255    0.00239   -0.00237   -0.00621    0.00656    0.02904   -0.00299
   0.00366   -0.00222   -0.00102   -0.00096   -0.01192   -0.00325   -0.00288   -0.00976
  -0.00300    0.00739   -0.02451    0.00294   -0.00208   -0.00785    0.00540   -0.00361
   0.00162   -0.00132    0.00319   -0.00146   -0.00066    0.00450    0.03219    0.00049
   0.00357   -0.00210   -0.00127   -0.00202   -0.01110    0.00138   -0.00310   -0.01116
  -0.00278    0.00725   -0.02457    0.00330   -0.00229   -0.01104    0.00464   -0.00428
  -0.00049   -0.00006    0.00387   -0.00058    0.00500    0.00380    0.03320    0.00423
   0.00369   -0.00211   -0.00157   -0.00315   -0.01078    0.00588   -0.00342   -0.01301
  -0.00241    0.00718   -0.02428    0.00355   -0.00297   -0.01427    0.00340   -0.00514
  -0.00266    0.00130    0.00445    0.00045    0.01144    0.00428    0.03243    0.00969
   0.00397   -0.00234   -0.00017    0.00101   -0.00614   -0.00920   -0.00196   -0.00551
  -0.00360    0.00789   -0.02501    0.00221   -0.00297   -0.01200    0.02243   -0.01027
   0.00538   -0.00459    0.01201   -0.00368   -0.00644    0.00719    0.03555   -0.00391
   0.00354   -0.00216   -0.00076    0.00006   -0.00488   -0.00462   -0.00195   -0.00661
  -0.00333    0.00755   -0.02546    0.00245   -0.00385   -0.01425    0.02254   -0.01096
   0.00324   -0.00343    0.01291   -0.00268   -0.00061    0.00454    0.03894    0.00008
   0.00331   -0.00210   -0.00138   -0.00096   -0.00403    0.00022   -0.00203   -0.00784
  -0.00291    0.00730   -0.02558    0.00271   -0.00469   -0.01724    0.02175   -0.01183
   0.00118   -0.00221    0.01357   -0.00165    0.00574    0.00344    0.03998    0.00418
   0.00326   -0.00215   -0.00208   -0.00207   -0.00372    0.00495   -0.00217   -0.00955
  -0.00233    0.00712   -0.02538    0.00287   -0.00588   -0.02051    0.02003   -0.01309
  -0.00097   -0.00082    0.01404   -0.00047    0.01241    0.00322    0.03899    0.01012
   0.00595   -0.00416   -0.00212   -0.00285   -0.04025   -0.00733   -0.00590   -0.01895
  -0.00450    0.00970   -0.03560    0.00533    0.00282    0.01487   -0.02482    0.01728
   0.00065    0.00006   -0.01768   -0.00112   -0.00595    0.00548    0.05342   -0.00689
   0.00594   -0.00359   -0.00200   -0.00451   -0.03888   -0.00016   -0.00622   -0.02080
  -0.00477    0.00956   -0.03549    0.00598    0.00361    0.01085   -0.02682    0.01737
  -0.00218    0.00186   -0.01705   -0.00027   -0.00053    0.00413    0.05451   -0.00417
   0.00611   -0.00315   -0.00195   -0.00614   -0.03748    0.00698   -0.00655   -0.02258
  -0.00491    0.00963   -0.03542    0.00669    0.00458    0.00619   -0.02771    0.01694
  -0.00494    0.00354   -0.01617    0.00043    0.00414    0.00427    0.05551   -0.00109
   0.00648   -0.00282   -0.00194   -0.00781   -0.03621    0.01393   -0.00698   -0.02462
  -0.00493    0.00993   -0.03541    0.00739    0.00515    0.00118   -0.02738    0.01635
  -0.00775    0.00516   -0.01502    0.00123    0.01078    0.00618    0.05678    0.00340
   0.00634   -0.00412   -0.00207   -0.00140   -0.03022   -0.00970   -0.00470   -0.01565
  -0.00475    0.01011   -0.03595    0.00452   -0.00048    0.00438   -0.00737    0.00628
   0.00276   -0.00159   -0.00727   -0.00291   -0.00704    0.00705    0.05271   -0.00763
   0.00620   -0.00374   -0.00200   -0.00305   -0.02877   -0.00233   -0.00518   -0.01739
  -0.00483    0.00987   -0.03595    0.00515    0.00016    0.00038   -0.00881    0.00625
  -0.00005    0.00015   -0.00653   -0.00191   -0.00099    0.00508    0.05377   -0.00450
   0.00624   -0.00348   -0.00200   -0.00470   -0.02736    0.00502   -0.00541   -0.01907
  -0.00479    0.00983   -0.03595    0.00585    0.00101   -0.00432   -0.00970    0.00582
  -0.00281    0.00181   -0.00565   -0.00099    0.00495    0.00462    0.05479   -0.00093
   0.00647   -0.00333   -0.00205   -0.00638   -0.02614    0.01223   -0.00599   -0.02099
  -0.00461    0.00999   -0.03593    0.00651    0.00145   -0.00927   -0.00992    0.00532
  -0.00561    0.00346   -0.00460   -0.00001    0.01222    0.00585    0.05614    0.00400
   0.00650   -0.00398   -0.00187    0.00010   -0.01996   -0.01223   -0.00391   -0.01303
  -0.00509    0.01037   -0.03631    0.00377   -0.00358   -0.00563    0.00446   -0.00362
   0.00481   -0.00281    0.00189   -0.00413   -0.00734    0.00757    0.05346   -0.00795
   0.00623   -0.00377   -0.00191   -0.00153   -0.01824   -0.00475   -0.00423   -0.01452
  -0.00499    0.01003   -0.03641    0.00435   -0.00312   -0.00962    0.00443   -0.00387
   0.00201   -0.00119    0.00293   -0.00306   -0.00115    0.00489    0.05472   -0.00453
   0.00614   -0.00366   -0.00201   -0.00319   -0.01679    0.00284   -0.00443   -0.01617
  -0.00476    0.00987   -0.03646    0.00501   -0.00249   -0.01430    0.00353   -0.00436
  -0.00074    0.00046    0.00381   -0.00200    0.00536    0.00389    0.05573   -0.00079
   0.00624   -0.00366   -0.00216   -0.00493   -0.01572    0.01043   -0.00485   -0.01803
  -0.00438    0.00991   -0.03647    0.00564   -0.00226   -0.01919    0.00187   -0.00474
  -0.00356    0.00222    0.00456   -0.00082    0.01272    0.00427    0.05681    0.00458
   0.00652   -0.00372   -0.00170    0.00160   -0.00987   -0.01472   -0.00336   -0.00995
  -0.00559    0.01054   -0.03699    0.00300   -0.00627   -0.01555    0.02179   -0.01408
   0.00686   -0.00454    0.01230   -0.00541   -0.00815    0.00730    0.05742   -0.00858
   0.00612   -0.00368   -0.00180   -0.00004   -0.00799   -0.00697   -0.00334   -0.01135
  -0.00530    0.01006   -0.03712    0.00352   -0.00612   -0.01937    0.02238   -0.01438
   0.00409   -0.00298    0.01344   -0.00422   -0.00146    0.00401    0.05881   -0.00490
   0.00590   -0.00376   -0.00195   -0.00170   -0.00651    0.00080   -0.00323   -0.01283
  -0.00489    0.00980   -0.03723    0.00409   -0.00605   -0.02388    0.02150   -0.01483
   0.00138   -0.00137    0.01431   -0.00301    0.00595    0.00255    0.05979   -0.00106
   0.00585   -0.00394   -0.00216   -0.00347   -0.00547    0.00868   -0.00331   -0.01465
  -0.00432    0.00974   -0.03733    0.00467   -0.00620   -0.02877    0.01922   -0.01523
  -0.00142    0.00041    0.01496   -0.00166    0.01379    0.00222    0.06067    0.00462
   0.00925   -0.00640   -0.00254   -0.00390   -0.05508   -0.01027   -0.00601   -0.02203
  -0.00700    0.01172   -0.04753    0.00692    0.00379    0.02393   -0.02055    0.02303
   0.00071   -0.00129   -0.01840   -0.00390   -0.00626    0.00767    0.07350   -0.01622
   0.00922   -0.00562   -0.00285   -0.00615   -0.05304    0.00030   -0.00698   -0.02401
  -0.00722    0.01144   -0.04715    0.00786    0.00557    0.01820   -0.02229    0.02316
  -0.00267    0.00084   -0.01752   -0.00298   -0.00127    0.00580    0.07276   -0.01335
   0.00935   -0.00494   -0.00322   -0.00836   -0.05094    0.01072   -0.00785   -0.02585
  -0.00733    0.01148   -0.04708    0.00890    0.00742    0.01186   -0.02339    0.02269
  -0.00601    0.00288   -0.01647   -0.00221    0.00323    0.00563    0.07375   -0.01015
   0.00967   -0.00437   -0.00364   -0.01060   -0.04885    0.02109   -0.00888   -0.02786
  -0.00733    0.01185   -0.04734    0.01000    0.00893    0.00506   -0.02369    0.02223
  -0.00939    0.00488   -0.01521   -0.00136    0.00958    0.00729    0.07676   -0.00589
   0.00957   -0.00621   -0.00288   -0.00184   -0.04103   -0.01374   -0.00501   -0.01918
  -0.00721    0.01222   -0.04814    0.00583   -0.00118    0.00922   -0.00703    0.00896
   0.00324   -0.00221   -0.00822   -0.00556   -0.00764    0.00837    0.07553   -0.01596
   0.00942   -0.00571   -0.00296   -0.00414   -0.03889   -0.00291   -0.00592   -0.02107
  -0.00726    0.01185   -0.04786    0.00677    0.00054    0.00347   -0.00830    0.00908
  -0.00014   -0.00012   -0.00724   -0.00449   -0.00172    0.00587    0.07480   -0.01303
   0.00944   -0.00533   -0.00310   -0.00641   -0.03675    0.00783   -0.00682   -0.02283
  -0.00721    0.01179   -0.04785    0.00781    0.00238   -0.00292   -0.00936    0.00876
  -0.00347    0.00191   -0.00618   -0.00350    0.00426    0.00511    0.07574   -0.00977
   0.00963   -0.00506   -0.00329   -0.00873   -0.03470    0.01853   -0.00778   -0.02477
  -0.00703    0.01203   -0.04810    0.00890    0.00389   -0.00968   -0.01004    0.00858
  -0.00686    0.00392   -0.00500   -0.00244    0.01152    0.00610    0.07861   -0.00539
   0.00966   -0.00592   -0.00307    0.00023   -0.02709   -0.01731   -0.00435   -0.01718
  -0.00750    0.01249   -0.04851    0.00476   -0.00576   -0.00473    0.00220   -0.00368
   0.00571   -0.00279    0.00091   -0.00662   -0.00838    0.00796    0.07636   -0.01541
   0.00940   -0.00569   -0.00298   -0.00211   -0.02463   -0.00625   -0.00513   -0.01888
  -0.00738    0.01202   -0.04832    0.00567   -0.00415   -0.01052    0.00216   -0.00372
   0.00233   -0.00080    0.00215   -0.00545   -0.00203    0.00475    0.07569   -0.01244
   0.00931   -0.00558   -0.00295   -0.00445   -0.02244    0.00479   -0.00589   -0.02067
  -0.00716    0.01185   -0.04836    0.00669   -0.00244   -0.01690    0.00114   -0.00388
  -0.00100    0.00122    0.00321   -0.00431    0.00476    0.00344    0.07655   -0.00927
   0.00938   -0.00556   -0.00296   -0.00688   -0.02052    0.01594   -0.00674   -0.02255
  -0.00680    0.01198   -0.04864    0.00778   -0.00099   -0.02361   -0.00074   -0.00373
  -0.00442    0.00334    0.00414   -0.00305    0.01242    0.00363    0.07921   -0.00475
   0.00964   -0.00551   -0.00330    0.00229   -0.01341   -0.02092   -0.00393   -0.01471
  -0.00794    0.01254   -0.04891    0.00362   -0.00990   -0.01847    0.01645   -0.01715
   0.00818   -0.00382    0.01114   -0.00766   -0.00979    0.00653    0.07729   -0.01516
   0.00927   -0.00558   -0.00299   -0.00012   -0.01077   -0.00952   -0.00440   -0.01639
  -0.00766    0.01194   -0.04874    0.00449   -0.00852   -0.02416    0.01693   -0.01705
   0.00482   -0.00188    0.01247   -0.00636   -0.00266    0.00275    0.07664   -0.01225
   0.00905   -0.00576   -0.00272   -0.00250   -0.00854    0.00179   -0.00479   -0.01809
  -0.00726    0.01167   -0.04883    0.00545   -0.00730   -0.03041    0.01598   -0.01697
   0.00152    0.00011    0.01353   -0.00506    0.00526    0.00097    0.07739   -0.00925
   0.00900   -0.00603   -0.00251   -0.00502   -0.00665    0.01330   -0.00529   -0.01985
  -0.00673    0.01171   -0.04921    0.00650   -0.00615   -0.03714    0.01369   -0.01659
  -0.00190    0.00224    0.01437   -0.00362    0.01367    0.00050    0.07985   -0.00476
   0.01315   -0.00899   -0.00324   -0.00487   -0.07003   -0.01338   -0.00512   -0.02291
  -0.00990    0.01270   -0.05873    0.00821    0.00469    0.03478   -0.01076    0.02770
   0.00079   -0.00302   -0.01777   -0.00794   -0.00663    0.00934    0.08754   -0.02837
   0.01310   -0.00801   -0.00392   -0.00775   -0.06718    0.00093   -0.00684   -0.02476
  -0.01009    0.01231   -0.05811    0.00949    0.00762    0.02714   -0.01219    0.02772
  -0.00309   -0.00057   -0.01666   -0.00701   -0.00250    0.00693    0.08555   -0.02549
   0.01319   -0.00713   -0.00465   -0.01058   -0.06425    0.01501   -0.00874   -0.02655
  -0.01019    0.01233   -0.05804    0.01089    0.01054    0.01899   -0.01350    0.02716
  -0.00695    0.00180   -0.01545   -0.00622    0.00134    0.00641    0.08645   -0.02254
   0.01346   -0.00634   -0.00543   -0.01346   -0.06129    0.02919   -0.01050   -0.02839
  -0.01020    0.01276   -0.05852    0.01243    0.01319    0.01035   -0.01453    0.02676
  -0.01086    0.00413   -0.01409   -0.00537    0.00684    0.00771    0.09041   -0.01887
   0.01336   -0.00865   -0.00391   -0.00218   -0.05175   -0.01797   -0.00454   -0.02122
  -0.01003    0.01329   -0.05948    0.00684   -0.00193    0.01553   -0.00437    0.01138
   0.00369   -0.00288   -0.00865   -0.00924   -0.00825    0.00922    0.09165   -0.02663
   0.01320   -0.00805   -0.00411   -0.00518   -0.04875   -0.00335   -0.00614   -0.02315
  -0.01007    0.01282   -0.05895    0.00813    0.00101    0.00783   -0.00555    0.01149
  -0.00020   -0.00047   -0.00746   -0.00814   -0.00291    0.00627    0.08949   -0.02416
   0.01320   -0.00755   -0.00437   -0.00814   -0.04576    0.01112   -0.00785   -0.02489
  -0.01003    0.01274   -0.05893    0.00955    0.00400   -0.00040   -0.00679    0.01121
  -0.00406    0.00189   -0.00623   -0.00713    0.00261    0.00519    0.09024   -0.02155
   0.01336   -0.00715   -0.00468   -0.01115   -0.04283    0.02567   -0.00944   -0.02664
  -0.00987    0.01306   -0.05941    0.01110    0.00676   -0.00903   -0.00791    0.01128
  -0.00800    0.00424   -0.00493   -0.00608    0.00930    0.00587    0.09409   -0.01822
   0.01337   -0.00822   -0.00441    0.00045   -0.03386   -0.02266   -0.00415   -0.02066
  -0.01025    0.01358   -0.05980    0.00546   -0.00799   -0.00271   -0.00051   -0.00336
   0.00653   -0.00250   -0.00040   -0.00991   -0.00940    0.00776    0.09245   -0.02472
   0.01311   -0.00797   -0.00421   -0.00264   -0.03052   -0.00769   -0.00572   -0.02245
  -0.01013    0.01301   -0.05934    0.00673   -0.00508   -0.01052   -0.00077   -0.00327
   0.00263   -0.00016    0.00102   -0.00871   -0.00332    0.00415    0.09022   -0.02254
   0.01301   -0.00783   -0.00406   -0.00571   -0.02745    0.00714   -0.00712   -0.02426
  -0.00993    0.01284   -0.05937    0.00816   -0.00215   -0.01877   -0.00194   -0.00324
  -0.00125    0.00220    0.00225   -0.00755    0.00324    0.00257    0.09082   -0.02037
   0.01306   -0.00778   -0.00396   -0.00888   -0.02464    0.02221   -0.00869   -0.02598
  -0.00960    0.01305   -0.05988    0.00972    0.00064   -0.02737   -0.00386   -0.00266
  -0.00521    0.00464    0.00335   -0.00630    0.01064    0.00255    0.09445   -0.01733
   0.01327   -0.00767   -0.00498    0.00306   -0.01629   -0.02742   -0.00394   -0.01959
  -0.01059    0.01355   -0.05987    0.00396   -0.01361   -0.02065    0.00736   -0.01900
   0.00938   -0.00251    0.00881   -0.01051   -0.01129    0.00498    0.09077   -0.02297
   0.01292   -0.00781   -0.00431   -0.00014   -0.01275   -0.01204   -0.00523   -0.02137
  -0.01033    0.01285   -0.05943    0.00522   -0.01089   -0.02838    0.00733   -0.01861
   0.00548   -0.00020    0.01030   -0.00918   -0.00417    0.00092    0.08835   -0.02126
   0.01271   -0.00807   -0.00368   -0.00330   -0.00963    0.00310   -0.00636   -0.02314
  -0.00997    0.01258   -0.05951    0.00659   -0.00838   -0.03653    0.00628   -0.01822
   0.00162    0.00213    0.01154   -0.00785    0.00376   -0.00110    0.08877   -0.01955
   0.01266   -0.00839   -0.00312   -0.00660   -0.00684    0.01862   -0.00764   -0.02479
  -0.00948    0.01272   -0.06011    0.00814   -0.00579   -0.04522    0.00428   -0.01722
  -0.00235    0.00459    0.01257   -0.00641    0.01219   -0.00171    0.09228   -0.01691
   0.01760   -0.01191   -0.00422   -0.00566   -0.08419   -0.01656   -0.00344   -0.02101
  -0.01315    0.01230   -0.06838    0.00902    0.00540    0.04675    0.00297    0.03037
   0.00093   -0.00500   -0.01590   -0.01325   -0.00706    0.01022    0.09206   -0.04221
   0.01752   -0.01075   -0.00520   -0.00921   -0.08040    0.00166   -0.00603   -0.02273
  -0.01333    0.01183   -0.06755    0.01064    0.00952    0.03709    0.00170    0.03012
  -0.00340   -0.00226   -0.01461   -0.01235   -0.00413    0.00739    0.08929   -0.03943
   0.01758   -0.00969   -0.00622   -0.01269   -0.07657    0.01960   -0.00886   -0.02435
  -0.01345    0.01184   -0.06747    0.01243    0.01354    0.02707    0.00015    0.02933
  -0.00772    0.00041   -0.01325   -0.01159   -0.00132    0.00652    0.09001   -0.03690
   0.01779   -0.00871   -0.00729   -0.01624   -0.07270    0.03776   -0.01144   -0.02584
  -0.01348    0.01233   -0.06812    0.01441    0.01741    0.01658   -0.00152    0.02879
  -0.01212    0.00303   -0.01178   -0.01079    0.00288    0.00744    0.09438   -0.03418
   0.01767   -0.01141   -0.00513   -0.00238   -0.06163   -0.02231   -0.00343   -0.02152
  -0.01318    0.01301   -0.06918    0.00738   -0.00273    0.02286    0.00034    0.01298
   0.00416   -0.00357   -0.00854   -0.01394   -0.00887    0.00949    0.09738   -0.03865
   0.01750   -0.01071   -0.00544   -0.00610   -0.05765   -0.00370   -0.00586   -0.02329
  -0.01322    0.01246   -0.06845    0.00904    0.00147    0.01309   -0.00091    0.01292
  -0.00020   -0.00084   -0.00718   -0.01287   -0.00447    0.00618    0.09439   -0.03673
   0.01748   -0.01011   -0.00579   -0.00976   -0.05373    0.01469   -0.00832   -0.02491
  -0.01320    0.01239   -0.06840    0.01086    0.00565    0.00296   -0.00237    0.01252
  -0.00455    0.00183   -0.00580   -0.01191    0.00015    0.00482    0.09488   -0.03510
   0.01760   -0.00959   -0.00619   -0.01349   -0.04985    0.03329   -0.01070   -0.02639
  -0.01308    0.01276   -0.06906    0.01288    0.00971   -0.00758   -0.00384    0.01260
  -0.00897    0.00448   -0.00438   -0.01091    0.00580    0.00521    0.09898   -0.03320
   0.01756   -0.01085   -0.00588    0.00079   -0.03966   -0.02810   -0.00355   -0.02311
  -0.01328    0.01336   -0.06941    0.00572   -0.01013    0.00018   -0.00295   -0.00279
   0.00731   -0.00196   -0.00188   -0.01403   -0.01035    0.00703    0.09829   -0.03498
   0.01731   -0.01057   -0.00559   -0.00306   -0.03531   -0.00905   -0.00584   -0.02487
  -0.01318    0.01271   -0.06873    0.00738   -0.00593   -0.00972   -0.00374   -0.00277
   0.00294    0.00072   -0.00032   -0.01286   -0.00493    0.00318    0.09516   -0.03382
   0.01719   -0.01040   -0.00533   -0.00689   -0.03131    0.00976   -0.00808   -0.02653
  -0.01302    0.01255   -0.06873    0.00922   -0.00175   -0.01993   -0.00509   -0.00275
  -0.00143    0.00338    0.00107   -0.01175    0.00097    0.00140    0.09543   -0.03294
   0.01722   -0.01029   -0.00513   -0.01082   -0.02754    0.02893   -0.01033   -0.02798
  -0.01275    0.01284   -0.06942    0.01127    0.00242   -0.03048   -0.00684   -0.00198
  -0.00589    0.00611    0.00233   -0.01056    0.00762    0.00118    0.09925   -0.03169
   0.01736   -0.01017   -0.00670    0.00394   -0.01806   -0.03401   -0.00361   -0.02426
  -0.01350    0.01329   -0.06916    0.00391   -0.01713   -0.02212   -0.00380   -0.01960
   0.01048   -0.00068    0.00559   -0.01400   -0.01259    0.00285    0.09500   -0.03125
   0.01702   -0.01035   -0.00574   -0.00006   -0.01349   -0.01448   -0.00570   -0.02610
  -0.01326    0.01252   -0.06848    0.00557   -0.01307   -0.03202   -0.00443   -0.01914
   0.00610    0.00198    0.00721   -0.01270   -0.00587   -0.00136    0.09155   -0.03092
   0.01682   -0.01064   -0.00481   -0.00402   -0.00942    0.00471   -0.00793   -0.02774
  -0.01295    0.01227   -0.06853    0.00738   -0.00923   -0.04215   -0.00566   -0.01859
   0.00174    0.00463    0.00861   -0.01142    0.00162   -0.00351    0.09159   -0.03089
   0.01676   -0.01099   -0.00395   -0.00813   -0.00565    0.02440   -0.00994   -0.02918
  -0.01253    0.01250   -0.06931    0.00943   -0.00520   -0.05283   -0.00733   -0.01728
  -0.00274    0.00737    0.00982   -0.01007    0.00955   -0.00422    0.09525   -0.03049
   0.02254   -0.01511   -0.00544   -0.00619   -0.09673   -0.01985   -0.00111   -0.01634
  -0.01670    0.01028   -0.07576    0.00917    0.00575    0.05906    0.01797    0.03040
   0.00118   -0.00710   -0.01297   -0.01976   -0.00744    0.01022    0.08531   -0.05600
   0.02244   -0.01381   -0.00667   -0.01041   -0.09189    0.00235   -0.00450   -0.01782
  -0.01690    0.00976   -0.07477    0.01115    0.01101    0.04737    0.01670    0.02969
  -0.00357   -0.00408   -0.01152   -0.01893   -0.00593    0.00709    0.08256   -0.05351
   0.02247   -0.01260   -0.00792   -0.01455   -0.08710    0.02418   -0.00824   -0.01910
  -0.01704    0.00977   -0.07466    0.01331    0.01609    0.03547    0.01488    0.02851
  -0.00830   -0.00114   -0.01003   -0.01824   -0.00447    0.00595    0.08310   -0.05164
   0.02263   -0.01146   -0.00922   -0.01877   -0.08228    0.04639   -0.01155   -0.02011
  -0.01711    0.01030   -0.07544    0.01572    0.02111    0.02314    0.01266    0.02757
  -0.01313    0.00174   -0.00846   -0.01754   -0.00188    0.00649    0.08695   -0.04998
   0.02244   -0.01447   -0.00652   -0.00238   -0.06996   -0.02672   -0.00180   -0.01993
  -0.01659    0.01114   -0.07658    0.00732   -0.00360    0.03068    0.00610    0.01332
   0.00467   -0.00418   -0.00795   -0.01962   -0.00937    0.00915    0.09113   -0.05063
   0.02227   -0.01368   -0.00691   -0.00681   -0.06491   -0.00406   -0.00500   -0.02145
  -0.01666    0.01055   -0.07567    0.00934    0.00179    0.01883    0.00462    0.01290
  -0.00011   -0.00115   -0.00644   -0.01864   -0.00620    0.00564    0.08801   -0.04948
   0.02222   -0.01298   -0.00735   -0.01118   -0.06000    0.01830   -0.00826   -0.02272
  -0.01668    0.01048   -0.07560    0.01156    0.00710    0.00676    0.00292    0.01219
  -0.00488    0.00179   -0.00492   -0.01777   -0.00280    0.00408    0.08821   -0.04882
   0.02230   -0.01235   -0.00782   -0.01564   -0.05515    0.04101   -0.01136   -0.02376
  -0.01661    0.01091   -0.07639    0.01402    0.01239   -0.00567    0.00115    0.01198
  -0.00974    0.00470   -0.00338   -0.01689    0.00144    0.00421    0.09179   -0.04851
   0.02218   -0.01378   -0.00744    0.00128   -0.04396   -0.03352   -0.00250   -0.02442
  -0.01654    0.01159   -0.07671    0.00542   -0.01211    0.00360   -0.00480   -0.00221
   0.00809   -0.00115   -0.00344   -0.01895   -0.01108    0.00584    0.09243   -0.04507
   0.02193   -0.01346   -0.00708   -0.00332   -0.03851   -0.01037   -0.00558   -0.02605
  -0.01649    0.01091   -0.07585    0.00747   -0.00669   -0.00845   -0.00618   -0.00246
   0.00329    0.00184   -0.00178   -0.01787   -0.00664    0.00190    0.08897   -0.04498
   0.02181   -0.01324   -0.00675   -0.00789   -0.03350    0.01246   -0.00869   -0.02745
  -0.01638    0.01076   -0.07582    0.00971   -0.00133   -0.02062   -0.00778   -0.00266
  -0.00151    0.00480   -0.00025   -0.01685   -0.00176   -0.00001    0.08886   -0.04556
   0.02182   -0.01308   -0.00647   -0.01258   -0.02873    0.03579   -0.01162   -0.02845
  -0.01618    0.01112   -0.07664    0.01222    0.00414   -0.03309   -0.00941   -0.00212
  -0.00642    0.00777    0.00117   -0.01580    0.00371   -0.00032    0.09224   -0.04632
   0.02184   -0.01297   -0.00845    0.00493   -0.01829   -0.04050   -0.00311   -0.02860
  -0.01660    0.01157   -0.07618    0.00336   -0.02027   -0.02307   -0.01487   -0.01889
   0.01153    0.00163    0.00169   -0.01814   -0.01350    0.00029    0.08896   -0.03909
   0.02152   -0.01317   -0.00726    0.00014   -0.01261   -0.01682   -0.00602   -0.03035
  -0.01642    0.01077   -0.07530    0.00543   -0.01495   -0.03514   -0.01643   -0.01864
   0.00672    0.00462    0.00342   -0.01694   -0.00754   -0.00390    0.08511   -0.04021
   0.02132   -0.01347   -0.00610   -0.00460   -0.00752    0.00648   -0.00922   -0.03176
  -0.01618    0.01054   -0.07532    0.00765   -0.00986   -0.04728   -0.01785   -0.01814
   0.00191    0.00756    0.00495   -0.01577   -0.00090   -0.00607    0.08472   -0.04196
   0.02125   -0.01382   -0.00499   -0.00951   -0.00275    0.03037   -0.01198   -0.03280
  -0.01584    0.01085   -0.07624    0.01019   -0.00444   -0.05992   -0.01902   -0.01684
  -0.00303    0.01056    0.00634   -0.01456    0.00610   -0.00677    0.08786   -0.04402
   0.02792   -0.01858   -0.00689   -0.00641   -0.10683   -0.02331    0.00169   -0.00914
  -0.02050    0.00643   -0.08029    0.00853    0.00564    0.07098    0.03117    0.02751
   0.00156   -0.00915   -0.00920   -0.02733   -0.00749    0.00937    0.06771   -0.06794
   0.02780   -0.01715   -0.00829   -0.01127   -0.10090    0.00279   -0.00245   -0.01020
  -0.02073    0.00588   -0.07917    0.01085    0.01189    0.05729    0.02978    0.02620
  -0.00355   -0.00587   -0.00763   -0.02661   -0.00757    0.00613    0.06550   -0.06584
   0.02779   -0.01582   -0.00972   -0.01606   -0.09511    0.02846   -0.00681   -0.01117
  -0.02091    0.00590   -0.07904    0.01336    0.01789    0.04355    0.02767    0.02445
  -0.00866   -0.00270   -0.00602   -0.02604   -0.00762    0.00478    0.06579   -0.06470
   0.02790   -0.01455   -0.01120   -0.02095   -0.08935    0.05462   -0.01083   -0.01161
  -0.02103    0.00648   -0.07991    0.01616    0.02392    0.02946    0.02495    0.02287
  -0.01386    0.00042   -0.00434   -0.02549   -0.00685    0.00504    0.06861   -0.06422
   0.02762   -0.01780   -0.00807   -0.00213   -0.07607   -0.03115    0.00013   -0.01636
  -0.02022    0.00750   -0.08114    0.00653   -0.00456    0.03843    0.01152    0.01223
   0.00526   -0.00461   -0.00695   -0.02620   -0.00952    0.00821    0.07354   -0.06094
   0.02744   -0.01692   -0.00852   -0.00725   -0.06993   -0.00456   -0.00363   -0.01771
  -0.02033    0.00689   -0.08009    0.00891    0.00187    0.02451    0.00969    0.01127
   0.00012   -0.00131   -0.00533   -0.02534   -0.00780    0.00467    0.07083   -0.06057
   0.02737   -0.01613   -0.00901   -0.01231   -0.06399    0.02172   -0.00771   -0.01860
  -0.02041    0.00684   -0.08000    0.01149    0.00816    0.01056    0.00769    0.01001
  -0.00504    0.00188   -0.00370   -0.02460   -0.00585    0.00301    0.07073   -0.06107
   0.02742   -0.01540   -0.00954   -0.01746   -0.05816    0.04842   -0.01128   -0.01904
  -0.02041    0.00733   -0.08086    0.01436    0.01453   -0.00366    0.00568    0.00923
  -0.01029    0.00503   -0.00203   -0.02389   -0.00329    0.00296    0.07324   -0.06235
   0.02719   -0.01698   -0.00910    0.00196   -0.04621   -0.03884   -0.00129   -0.02463
  -0.01999    0.00813   -0.08122    0.00447   -0.01388    0.00715   -0.00602   -0.00181
   0.00891   -0.00002   -0.00506   -0.02463   -0.01138    0.00421    0.07544   -0.05363
   0.02694   -0.01661   -0.00868   -0.00336   -0.03965   -0.01173   -0.00498   -0.02599
  -0.02000    0.00743   -0.08020    0.00688   -0.00738   -0.00698   -0.00807   -0.00249
   0.00373    0.00327   -0.00332   -0.02367   -0.00818    0.00038    0.07240   -0.05469
   0.02680   -0.01634   -0.00829   -0.00865   -0.03358    0.01505   -0.00888   -0.02701
  -0.01996    0.00731   -0.08014    0.00950   -0.00098   -0.02106   -0.00992   -0.00311
  -0.00146    0.00647   -0.00167   -0.02280   -0.00463   -0.00152    0.07194   -0.05673
   0.02679   -0.01611   -0.00796   -0.01407   -0.02779    0.04243   -0.01234   -0.02748
  -0.01984    0.00773   -0.08105    0.01243    0.00563   -0.03539   -0.01147   -0.00308
  -0.00677    0.00967   -0.00008   -0.02194   -0.00062   -0.00186    0.07411   -0.05953
   0.02667   -0.01604   -0.01021    0.00604   -0.01658   -0.04677   -0.00248   -0.03258
  -0.01986    0.00824   -0.08049    0.00224   -0.02292   -0.02374   -0.02410   -0.01697
   0.01257    0.00441   -0.00271   -0.02290   -0.01385   -0.00257    0.07333   -0.04541
   0.02636   -0.01623   -0.00886    0.00050   -0.00978   -0.01905   -0.00619   -0.03408
  -0.01975    0.00744   -0.07945    0.00468   -0.01646   -0.03794   -0.02644   -0.01706
   0.00737    0.00769   -0.00092   -0.02184   -0.00894   -0.00654    0.06980   -0.04799
   0.02617   -0.01651   -0.00751   -0.00499   -0.00362    0.00826   -0.01022   -0.03516
  -0.01959    0.00724   -0.07943    0.00730   -0.01024   -0.05203   -0.02813   -0.01697
   0.00216    0.01090    0.00074   -0.02083   -0.00348   -0.00861    0.06898   -0.05159
   0.02609   -0.01683   -0.00624   -0.01065    0.00220    0.03624   -0.01370   -0.03566
  -0.01935    0.00762   -0.08043    0.01027   -0.00364   -0.06656   -0.02907   -0.01612
  -0.00318    0.01412    0.00232   -0.01983    0.00222   -0.00921    0.07092   -0.05601
   0.03367   -0.02227   -0.00853   -0.00624   -0.11382   -0.02698    0.00474    0.00031
  -0.02449    0.00063   -0.08154    0.00701    0.00502    0.08178    0.03983    0.02192
   0.00210   -0.01098   -0.00486   -0.03582   -0.00690    0.00790    0.04176   -0.07609
   0.03353   -0.02075   -0.01006   -0.01172   -0.10681    0.00283    0.00010   -0.00051
  -0.02476    0.00009   -0.08032    0.00963    0.01207    0.06618    0.03821    0.01988
  -0.00333   -0.00747   -0.00319   -0.03524   -0.00858    0.00461    0.04046   -0.07464
   0.03349   -0.01933   -0.01160   -0.01714   -0.10003    0.03213   -0.00486   -0.00102
  -0.02499    0.00013   -0.08016    0.01247    0.01880    0.05071    0.03580    0.01743
  -0.00876   -0.00408   -0.00148   -0.03480   -0.01026    0.00331    0.04063   -0.07419
   0.03355   -0.01795   -0.01319   -0.02265   -0.09330    0.06207   -0.00927   -0.00083
  -0.02518    0.00074   -0.08108    0.01562    0.02563    0.03496    0.03263    0.01497
  -0.01430   -0.00075    0.00029   -0.03442   -0.01141    0.00323    0.04190   -0.07504
   0.03315   -0.02136   -0.00975   -0.00159   -0.07948   -0.03565    0.00231   -0.01139
  -0.02401    0.00197   -0.08246    0.00494   -0.00562    0.04553    0.01520    0.00977
   0.00597   -0.00474   -0.00570   -0.03355   -0.00906    0.00678    0.04712   -0.06810
   0.03295   -0.02041   -0.01025   -0.00736   -0.07221   -0.00529   -0.00203   -0.01237
  -0.02418    0.00138   -0.08130    0.00764    0.00165    0.02967    0.01300    0.00810
   0.00050   -0.00121   -0.00399   -0.03286   -0.00887    0.00343    0.04536   -0.06850
   0.03286   -0.01954   -0.01077   -0.01307   -0.06524    0.02468   -0.00658   -0.01281
  -0.02432    0.00136   -0.08118    0.01055    0.00874    0.01395    0.01070    0.00620
  -0.00499    0.00221   -0.00225   -0.03229   -0.00851    0.00177    0.04494   -0.07005
   0.03288   -0.01872   -0.01134   -0.01888   -0.05842    0.05519   -0.01064   -0.01262
  -0.02441    0.00189   -0.08209    0.01377    0.01595   -0.00198    0.00839    0.00451
  -0.01058    0.00556   -0.00047   -0.03177   -0.00780    0.00158    0.04586   -0.07301
   0.03252   -0.02041   -0.01082    0.00285   -0.04601   -0.04409    0.00002   -0.02387
  -0.02360    0.00285   -0.08255    0.00279   -0.01541    0.01042   -0.00660   -0.00153
   0.00979    0.00148   -0.00673   -0.03097   -0.01096    0.00230    0.04992   -0.05945
   0.03227   -0.01999   -0.01037   -0.00314   -0.03831   -0.01317   -0.00419   -0.02489
  -0.02367    0.00218   -0.08142    0.00553   -0.00800   -0.00568   -0.00918   -0.00280
   0.00427    0.00503   -0.00494   -0.03019   -0.00923   -0.00128    0.04772   -0.06154
   0.03213   -0.01965   -0.00994   -0.00910   -0.03119    0.01735   -0.00864   -0.02544
  -0.02371    0.00209   -0.08132    0.00850   -0.00075   -0.02156   -0.01134   -0.00409
  -0.00126    0.00846   -0.00319   -0.02950   -0.00718   -0.00303    0.04694   -0.06494
   0.03209   -0.01936   -0.00957   -0.01520   -0.02437    0.04854   -0.01256   -0.02521
  -0.02369    0.00257   -0.08227    0.01179    0.00674   -0.03759   -0.01299   -0.00496
  -0.00691    0.01185   -0.00144   -0.02887   -0.00489   -0.00340    0.04749   -0.06978
   0.03181   -0.01936   -0.01197    0.00729   -0.01266   -0.05272   -0.00191   -0.03625
  -0.02325    0.00320   -0.08174    0.00047   -0.02495   -0.02444   -0.03002   -0.01378
   0.01362    0.00763   -0.00748   -0.02825   -0.01342   -0.00557    0.05033   -0.04930
   0.03151   -0.01951   -0.01051    0.00105   -0.00469   -0.02119   -0.00621   -0.03739
  -0.02322    0.00243   -0.08058    0.00325   -0.01753   -0.04062   -0.03313   -0.01443
   0.00808    0.01119   -0.00565   -0.02737   -0.00978   -0.00915    0.04775   -0.05330
   0.03132   -0.01974   -0.00905   -0.00513    0.00252    0.00988   -0.01097   -0.03803
  -0.02315    0.00227   -0.08052    0.00623   -0.01037   -0.05655   -0.03511   -0.01492
   0.00252    0.01463   -0.00388   -0.02656   -0.00576   -0.01101    0.04655   -0.05848
   0.03123   -0.02002   -0.00766   -0.01149    0.00938    0.04169   -0.01496   -0.03784
  -0.02303    0.00271   -0.08156    0.00957   -0.00280   -0.07281   -0.03593   -0.01494
  -0.00317    0.01804   -0.00214   -0.02580   -0.00166   -0.01140    0.04672   -0.06520
   0.03973   -0.02614   -0.01035   -0.00566   -0.11727   -0.03096    0.00793    0.01110
  -0.02861   -0.00715   -0.07922    0.00456    0.00394    0.09087    0.04200    0.01425
   0.00282   -0.01241   -0.00026   -0.04499   -0.00542    0.00590    0.01165   -0.07912
   0.03956   -0.02457   -0.01194   -0.01173   -0.10918    0.00229    0.00297    0.01070
  -0.02893   -0.00766   -0.07793    0.00746    0.01157    0.07355    0.04011    0.01145
  -0.00289   -0.00869    0.00149   -0.04458   -0.00881    0.00304    0.01169   -0.07789
   0.03949   -0.02308   -0.01354   -0.01772   -0.10143    0.03499   -0.00251    0.01067
  -0.02923   -0.00759   -0.07775    0.01057    0.01882    0.05647    0.03739    0.00822
  -0.00860   -0.00512    0.00328   -0.04431   -0.01189    0.00160    0.01144   -0.07844
   0.03951   -0.02162   -0.01519   -0.02383   -0.09375    0.06839   -0.00721    0.01140
  -0.02950   -0.00695   -0.07867    0.01401    0.02621    0.03919    0.03383    0.00473
  -0.01443   -0.00162    0.00515   -0.04412   -0.01487    0.00145    0.01104   -0.08063
   0.03897   -0.02511   -0.01154   -0.00074   -0.07972   -0.04024    0.00446   -0.00532
  -0.02793   -0.00547   -0.08028    0.00250   -0.00673    0.05150    0.01617    0.00633
   0.00681   -0.00447   -0.00436   -0.04154   -0.00767    0.00493    0.01564   -0.07088
   0.03876   -0.02410   -0.01206   -0.00711   -0.07136   -0.00642   -0.00023   -0.00590
  -0.02817   -0.00602   -0.07905    0.00549    0.00118    0.03388    0.01363    0.00394
   0.00105   -0.00072   -0.00258   -0.04103   -0.00903    0.00195    0.01582   -0.07212
   0.03865   -0.02316   -0.01261   -0.01341   -0.06338    0.02700   -0.00506   -0.00587
  -0.02838   -0.00601   -0.07889    0.00868    0.00882    0.01653    0.01101    0.00118
  -0.00473    0.00289   -0.00076   -0.04066   -0.01037    0.00049    0.01517   -0.07470
   0.03864   -0.02227   -0.01320   -0.01983   -0.05559    0.06101   -0.00940   -0.00502
  -0.02856   -0.00545   -0.07981    0.01220    0.01664   -0.00095    0.00833   -0.00158
  -0.01061    0.00641    0.00112   -0.04035   -0.01147    0.00030    0.01376   -0.07851
   0.03813   -0.02406   -0.01258    0.00399   -0.04293   -0.04917    0.00130   -0.02230
  -0.02731   -0.00427   -0.08047    0.00034   -0.01661    0.01304   -0.00667   -0.00112
   0.01075    0.00340   -0.00849   -0.03791   -0.00975    0.00018    0.02017   -0.06101
   0.03788   -0.02357   -0.01213   -0.00263   -0.03419   -0.01481   -0.00330   -0.02303
  -0.02746   -0.00489   -0.07926    0.00338   -0.00853   -0.00486   -0.00971   -0.00313
   0.00495    0.00718   -0.00668   -0.03731   -0.00945   -0.00312    0.01928   -0.06466
   0.03773   -0.02317   -0.01168   -0.00920   -0.02606    0.01916   -0.00804   -0.02307
  -0.02759   -0.00494   -0.07913    0.00663   -0.00066   -0.02240   -0.01221   -0.00523
  -0.00087    0.01082   -0.00483   -0.03684   -0.00901   -0.00464    0.01820   -0.06907
   0.03767   -0.02281   -0.01130   -0.01591   -0.01823    0.05382   -0.01224   -0.02218
  -0.02768   -0.00443   -0.08008    0.01023    0.00746   -0.03998   -0.01411   -0.00723
  -0.00682    0.01436   -0.00294   -0.03645   -0.00849   -0.00460    0.01680   -0.07534
   0.03721   -0.02290   -0.01372    0.00868   -0.00620   -0.05832   -0.00152   -0.03932
  -0.02675   -0.00360   -0.07973   -0.00199   -0.02627   -0.02542   -0.03156   -0.00935
   0.01471    0.01129   -0.01253   -0.03414   -0.01196   -0.00847    0.02338   -0.05011
   0.03692   -0.02298   -0.01220    0.00182    0.00281   -0.02333   -0.00628   -0.04033
  -0.02680   -0.00431   -0.07848    0.00109   -0.01810   -0.04341   -0.03517   -0.01061
   0.00887    0.01510   -0.01069   -0.03346   -0.00984   -0.01163    0.02237   -0.05471
   0.03672   -0.02315   -0.01070   -0.00499    0.01108    0.01119   -0.01133   -0.04043
  -0.02683   -0.00441   -0.07838    0.00437   -0.01023   -0.06100   -0.03749   -0.01195
   0.00301    0.01874   -0.00883   -0.03288   -0.00751   -0.01306    0.02086   -0.06199
   0.03664   -0.02335   -0.00926   -0.01196    0.01897    0.04652   -0.01567   -0.03957
  -0.02683   -0.00393   -0.07942    0.00803   -0.00195   -0.07884   -0.03851   -0.01323
  -0.00298    0.02231   -0.00692   -0.03240   -0.00510   -0.01315    0.01881   -0.07038
   0.04602   -0.03015   -0.01233   -0.00467   -0.11680   -0.03520    0.01093    0.02281
  -0.03282   -0.01688   -0.07319    0.00119    0.00255    0.09786    0.03701    0.00557
   0.00372   -0.01328    0.00426   -0.05466   -0.00265    0.00392   -0.01782   -0.07575
   0.04584   -0.02855   -0.01391   -0.01127   -0.10770    0.00111    0.00576    0.02259
  -0.03320   -0.01733   -0.07189    0.00433    0.01054    0.07900    0.03487    0.00197
  -0.00223   -0.00939    0.00607   -0.05444   -0.00739    0.00126   -0.01629   -0.07553
   0.04574   -0.02703   -0.01551   -0.01779   -0.09904    0.03687    0.00022    0.02298
  -0.03356   -0.01723   -0.07168    0.00768    0.01810    0.06048    0.03184   -0.00210
  -0.00819   -0.00565    0.00794   -0.05434   -0.01214    0.00011   -0.01660   -0.07652
   0.04572   -0.02553   -0.01715   -0.02444   -0.09048    0.07335   -0.00462    0.02420
  -0.03390   -0.01658   -0.07256    0.01135    0.02581    0.04183    0.02787   -0.00666
  -0.01425   -0.00199    0.00988   -0.05435   -0.01682   -0.00003   -0.01909   -0.07965
   0.04502   -0.02901   -0.01342    0.00043   -0.07654   -0.04490    0.00647    0.00133
  -0.03193   -0.01481   -0.07447   -0.00079   -0.00777    0.05596    0.01409    0.00260
   0.00778   -0.00368   -0.00314   -0.05001   -0.00509    0.00281   -0.01469   -0.06771
   0.04481   -0.02796   -0.01395   -0.00647   -0.06715   -0.00798    0.00162    0.00109
  -0.03224   -0.01530   -0.07321    0.00244    0.00053    0.03680    0.01131   -0.00058
   0.00178    0.00024   -0.00131   -0.04972   -0.00810    0.00038   -0.01396   -0.06965
   0.04468   -0.02697   -0.01450   -0.01331   -0.05823    0.02850   -0.00332    0.00160
  -0.03253   -0.01525   -0.07302    0.00588    0.00852    0.01800    0.00836   -0.00421
  -0.00424    0.00402    0.00058   -0.04954   -0.01089   -0.00093   -0.01488   -0.07290
   0.04464   -0.02602   -0.01509   -0.02027   -0.04949    0.06562   -0.00779    0.00300
  -0.03280   -0.01466   -0.07390    0.00963    0.01668   -0.00086    0.00527   -0.00812
  -0.01036    0.00770    0.00256   -0.04946   -0.01375   -0.00094   -0.01736   -0.07846
   0.04397   -0.02787   -0.01438    0.00534   -0.03691   -0.05418    0.00231   -0.02053
  -0.03111   -0.01323   -0.07486   -0.00289   -0.01741    0.01467   -0.00614   -0.00032
   0.01181    0.00580   -0.01042   -0.04532   -0.00723   -0.00198   -0.00974   -0.05802
   0.04371   -0.02732   -0.01393   -0.00182   -0.02713   -0.01671   -0.00239   -0.02075
  -0.03134   -0.01377   -0.07363    0.00040   -0.00888   -0.00479   -0.00946   -0.00300
   0.00576    0.00978   -0.00859   -0.04493   -0.00850   -0.00464   -0.00984   -0.06209
   0.04355   -0.02685   -0.01350   -0.00892   -0.01801    0.02032   -0.00722   -0.02027
  -0.03155   -0.01377   -0.07346    0.00390   -0.00063   -0.02378   -0.01228   -0.00605
  -0.00031    0.01358   -0.00667   -0.04468   -0.00971   -0.00585   -0.01119   -0.06750
   0.04349   -0.02641   -0.01312   -0.01616   -0.00923    0.05807   -0.01150   -0.01875
  -0.03175   -0.01324   -0.07436    0.00772    0.00785   -0.04275   -0.01462   -0.00936
  -0.00649    0.01727   -0.00464   -0.04454   -0.01103   -0.00584   -0.01387   -0.07551
   0.04283   -0.02662   -0.01543    0.01022    0.00285   -0.06359   -0.00148   -0.04239
  -0.03032   -0.01213   -0.07434   -0.00516   -0.02683   -0.02691   -0.02831   -0.00359
   0.01585    0.01538   -0.01778   -0.04049   -0.00947   -0.01109   -0.00320   -0.04667
   0.04254   -0.02662   -0.01393    0.00281    0.01286   -0.02553   -0.00630   -0.04299
  -0.03047   -0.01276   -0.07306   -0.00182   -0.01813   -0.04646   -0.03209   -0.00567
   0.00976    0.01940   -0.01594   -0.04005   -0.00892   -0.01365   -0.00338   -0.05246
   0.04235   -0.02670   -0.01244   -0.00453    0.02212    0.01206   -0.01150   -0.04257
  -0.03060   -0.01281   -0.07292    0.00171   -0.00979   -0.06554   -0.03475   -0.00794
   0.00365    0.02322   -0.01401   -0.03970   -0.00811   -0.01477   -0.00518   -0.06034
   0.04226   -0.02682   -0.01101   -0.01204    0.03101    0.05045   -0.01585   -0.04100
  -0.03072   -0.01230   -0.07391    0.00560   -0.00110   -0.08473   -0.03634   -0.01057
  -0.00258    0.02692   -0.01195   -0.03950   -0.00761   -0.01471   -0.00876   -0.07009
   0.05248   -0.03426   -0.01443   -0.00327   -0.11236   -0.03980    0.01360    0.03387
  -0.03706   -0.02844   -0.06351   -0.00305    0.00106    0.10251    0.02562   -0.00294
   0.00479   -0.01345    0.00838   -0.06463    0.00163    0.00189   -0.04118   -0.06535
   0.05229   -0.03267   -0.01596   -0.01036   -0.10234   -0.00077    0.00847    0.03431
  -0.03750   -0.02882   -0.06222    0.00030    0.00922    0.08235    0.02321   -0.00729
  -0.00136   -0.00942    0.01025   -0.06460   -0.00455   -0.00019   -0.03838   -0.06566
   0.05217   -0.03114   -0.01750   -0.01735   -0.09281    0.03763    0.00294    0.03507
  -0.03793   -0.02869   -0.06199    0.00383    0.01692    0.06258    0.01991   -0.01213
  -0.00752   -0.00554    0.01218   -0.06467   -0.01043   -0.00111   -0.03896   -0.06762
   0.05212   -0.02964   -0.01908   -0.02448   -0.08341    0.07679   -0.00188    0.03675
  -0.03835   -0.02803   -0.06280    0.00767    0.02475    0.04275    0.01561   -0.01772
  -0.01378   -0.00175    0.01419   -0.06486   -0.01664   -0.00124   -0.04308   -0.07168
   0.05126   -0.03304   -0.01537    0.00191   -0.06984   -0.04966    0.00821    0.00782
  -0.03598   -0.02595   -0.06506   -0.00489   -0.00860    0.05868    0.00948   -0.00059
   0.00890   -0.00229   -0.00223   -0.05884   -0.00117    0.00095   -0.03975   -0.05847
   0.05104   -0.03196   -0.01589   -0.00547   -0.05951   -0.01005    0.00341    0.00803
  -0.03636   -0.02636   -0.06382   -0.00146   -0.00012    0.03821    0.00649   -0.00457
   0.00269    0.00178   -0.00035   -0.05875   -0.00552   -0.00109   -0.03775   -0.06094
   0.05089   -0.03093   -0.01643   -0.01277   -0.04971    0.02910   -0.00153    0.00901
  -0.03672   -0.02627   -0.06360    0.00217    0.00802    0.01817    0.00326   -0.00902
  -0.00353    0.00570    0.00160   -0.05876   -0.00977   -0.00195   -0.03875   -0.06499
   0.05082   -0.02994   -0.01700   -0.02019   -0.04010    0.06889   -0.00596    0.01087
  -0.03708   -0.02567   -0.06440    0.00609    0.01629   -0.00188   -0.00029   -0.01411
  -0.00985    0.00951    0.00366   -0.05890   -0.01438   -0.00189   -0.04306   -0.07161
   0.04999   -0.03183   -0.01619    0.00692   -0.02774   -0.05903    0.00315   -0.01852
  -0.03495   -0.02395   -0.06575   -0.00688   -0.01772    0.01508   -0.00487    0.00141
   0.01297    0.00870   -0.01255   -0.05311   -0.00348   -0.00408   -0.03480   -0.04961
   0.04973   -0.03122   -0.01578   -0.00070   -0.01707   -0.01891   -0.00150   -0.01836
  -0.03526   -0.02440   -0.06453   -0.00338   -0.00896   -0.00568   -0.00814   -0.00203
   0.00672    0.01285   -0.01072   -0.05295   -0.00629   -0.00607   -0.03278   -0.05477
   0.04957   -0.03067   -0.01538   -0.00825   -0.00707    0.02075   -0.00629   -0.01743
  -0.03557   -0.02435   -0.06433    0.00030   -0.00054   -0.02591   -0.01127   -0.00596
   0.00045    0.01679   -0.00874   -0.05291   -0.00899   -0.00696   -0.03437   -0.06108
   0.04948   -0.03016   -0.01503   -0.01595    0.00262    0.06113   -0.01049   -0.01535
  -0.03587   -0.02380   -0.06514    0.00429    0.00806   -0.04605   -0.01433   -0.01061
  -0.00593    0.02059   -0.00660   -0.05301   -0.01207   -0.00668   -0.03947   -0.06961
   0.04864   -0.03052   -0.01709    0.01191    0.01456   -0.06848   -0.00165   -0.04546
  -0.03395   -0.02237   -0.06558   -0.00903   -0.02659   -0.02907   -0.02019    0.00350
   0.01706    0.01988   -0.02315   -0.04729   -0.00573   -0.01365   -0.02581   -0.03888
   0.04836   -0.03041   -0.01567    0.00404    0.02545   -0.02781   -0.00641   -0.04546
  -0.03419   -0.02289   -0.06432   -0.00548   -0.01760   -0.04992   -0.02390    0.00070
   0.01076    0.02407   -0.02132   -0.04707   -0.00676   -0.01543   -0.02450   -0.04575
   0.04817   -0.03038   -0.01426   -0.00375    0.03561    0.01235   -0.01144   -0.04451
  -0.03442   -0.02288   -0.06415   -0.00175   -0.00902   -0.07021   -0.02688   -0.00258
   0.00445    0.02803   -0.01933   -0.04695   -0.00763   -0.01612   -0.02646   -0.05397
   0.04806   -0.03039   -0.01291   -0.01170    0.04544    0.05336   -0.01569   -0.04234
  -0.03466   -0.02236   -0.06504    0.00230   -0.00016   -0.09060   -0.02925   -0.00667
  -0.00198    0.03184   -0.01714   -0.04701   -0.00901   -0.01565   -0.03175   -0.06486
   0.05906   -0.03843   -0.01664   -0.00152   -0.10398   -0.04458    0.01583    0.04481
  -0.04131   -0.04165   -0.05038   -0.00807   -0.00026    0.10485    0.00988   -0.00994
   0.00603   -0.01281    0.01179   -0.07469    0.00714    0.00036   -0.05367   -0.04760
   0.05886   -0.03687   -0.01806   -0.00903   -0.09317   -0.00334    0.01085    0.04512
  -0.04180   -0.04195   -0.04914   -0.00455    0.00791    0.08363    0.00712   -0.01502
  -0.00029   -0.00868    0.01373   -0.07486    0.00003   -0.00130   -0.05052   -0.04890
   0.05872   -0.03538   -0.01948   -0.01644   -0.08288    0.03731    0.00556    0.04624
  -0.04229   -0.04178   -0.04888   -0.00087    0.01561    0.06281    0.00359   -0.02054
  -0.00662   -0.00469    0.01570   -0.07509   -0.00693   -0.00195   -0.05130   -0.05203
   0.05864   -0.03389   -0.02093   -0.02398   -0.07272    0.07868    0.00094    0.04823
  -0.04277   -0.04115   -0.04959    0.00309    0.02343    0.04196   -0.00089   -0.02704
  -0.01304   -0.00077    0.01775   -0.07544   -0.01437   -0.00177   -0.05618   -0.05635
   0.05761   -0.03715   -0.01738    0.00366   -0.05962   -0.05436    0.00954    0.01379
  -0.04004   -0.03875   -0.05224   -0.00973   -0.00905    0.05957    0.00353   -0.00234
   0.01014   -0.00024   -0.00179   -0.06787    0.00423   -0.00083   -0.05454   -0.04276
   0.05739   -0.03605   -0.01787   -0.00411   -0.04856   -0.01260    0.00493    0.01428
  -0.04048   -0.03906   -0.05106   -0.00614   -0.00056    0.03806    0.00037   -0.00709
   0.00377    0.00394    0.00013   -0.06798   -0.00139   -0.00223   -0.05145   -0.04611
   0.05724   -0.03501   -0.01838   -0.01180   -0.03796    0.02879    0.00025    0.01572
  -0.04092   -0.03893   -0.05081   -0.00237    0.00755    0.01697   -0.00312   -0.01234
  -0.00262    0.00797    0.00213   -0.06820   -0.00703   -0.00275   -0.05273   -0.05113
   0.05714   -0.03398   -0.01891   -0.01961   -0.02756    0.07074   -0.00393    0.01796
  -0.04136   -0.03834   -0.05149    0.00166    0.01577   -0.00407   -0.00706   -0.01841
  -0.00910    0.01190    0.00424   -0.06852   -0.01295   -0.00244   -0.05835   -0.05814
   0.05615   -0.03591   -0.01800    0.00871   -0.01551   -0.06369    0.00369   -0.01679
  -0.03883   -0.03631   -0.05328   -0.01158   -0.01746    0.01419   -0.00242    0.00454
   0.01423    0.01212   -0.01494   -0.06122    0.00173   -0.00611   -0.04995   -0.03533
   0.05590   -0.03522   -0.01764    0.00071   -0.00410   -0.02141   -0.00078   -0.01625
  -0.03922   -0.03665   -0.05212   -0.00792   -0.00867   -0.00761   -0.00550    0.00030
   0.00781    0.01639   -0.01310   -0.06126   -0.00249   -0.00756   -0.04737   -0.04076
   0.05572   -0.03461   -0.01730   -0.00721    0.00667    0.02040   -0.00529   -0.01491
  -0.03961   -0.03655   -0.05189   -0.00409   -0.00028   -0.02886   -0.00891   -0.00447
   0.00138    0.02044   -0.01108   -0.06143   -0.00671   -0.00785   -0.04903   -0.04818
   0.05562   -0.03401   -0.01700   -0.01527    0.01717    0.06291   -0.00929   -0.01236
  -0.04000   -0.03602   -0.05258    0.00000    0.00825   -0.04997   -0.01276   -0.01031
  -0.00515    0.02434   -0.00886   -0.06176   -0.01126   -0.00725   -0.05492   -0.05673
   0.05460   -0.03455   -0.01870    0.01373    0.02884   -0.07304   -0.00216   -0.04820
  -0.03762   -0.03421   -0.05358   -0.01355   -0.02556   -0.03193   -0.00773    0.01195
   0.01833    0.02474   -0.02855   -0.05445   -0.00065   -0.01559   -0.04002   -0.02638
   0.05433   -0.03433   -0.01743    0.00550    0.04045   -0.03027   -0.00661   -0.04792
  -0.03796   -0.03460   -0.05239   -0.00984   -0.01649   -0.05381   -0.01110    0.00836
   0.01187    0.02905   -0.02672   -0.05444   -0.00327   -0.01668   -0.03721   -0.03390
   0.05414   -0.03417   -0.01616   -0.00264    0.05140    0.01202   -0.01121   -0.04639
  -0.03829   -0.03454   -0.05218   -0.00597   -0.00789   -0.07513   -0.01439    0.00414
   0.00540    0.03313   -0.02468   -0.05456   -0.00588   -0.01688   -0.03919   -0.04284
   0.05402   -0.03404   -0.01494   -0.01094    0.06208    0.05509   -0.01512   -0.04366
  -0.03863   -0.03402   -0.05293   -0.00182    0.00090   -0.09646   -0.01773   -0.00126
  -0.00117    0.03704   -0.02240   -0.05485   -0.00880   -0.01612   -0.04626   -0.05383
   0.06570   -0.04261   -0.01895    0.00053   -0.09201   -0.04945    0.01742    0.05368
  -0.04553   -0.05628   -0.03414   -0.01373   -0.00115    0.10505   -0.00728   -0.01437
   0.00740   -0.01131    0.01425   -0.08472    0.01401   -0.00072   -0.05403   -0.02360
   0.06549   -0.04113   -0.02019   -0.00734   -0.08050   -0.00642    0.01274    0.05447
  -0.04607   -0.05649   -0.03300   -0.01008    0.00691    0.08304   -0.01043   -0.02012
   0.00094   -0.00710    0.01624   -0.08506    0.00611   -0.00190   -0.05043   -0.02607
   0.06534   -0.03969   -0.02144   -0.01512   -0.06957    0.03594    0.00800    0.05570
  -0.04660   -0.05629   -0.03272   -0.00628    0.01454    0.06137   -0.01415   -0.02618
  -0.00552   -0.00302    0.01826   -0.08544   -0.00154   -0.00201   -0.05135   -0.02976
   0.06522   -0.03826   -0.02271   -0.02301   -0.05873    0.07906    0.00367    0.05800
  -0.04715   -0.05569   -0.03329   -0.00225    0.02227    0.03969   -0.01866   -0.03329
  -0.01207    0.00101    0.02032   -0.08592   -0.00979   -0.00168   -0.05708   -0.03457
   0.06405   -0.04132   -0.01943    0.00565   -0.04623   -0.05908    0.01041    0.01873
  -0.04409   -0.05299   -0.03630   -0.01523   -0.00895    0.05868   -0.00216   -0.00200
   0.01150    0.00249   -0.00196   -0.07700    0.01087   -0.00246   -0.05619   -0.02095
   0.06383   -0.04022   -0.01987   -0.00244   -0.03446   -0.01553    0.00615    0.01977
  -0.04460   -0.05320   -0.03522   -0.01151   -0.00061    0.03639   -0.00549   -0.00745
   0.00499    0.00674    0.00001   -0.07732    0.00428   -0.00331   -0.05344   -0.02518
   0.06367   -0.03916   -0.02033   -0.01046   -0.02323    0.02755    0.00194    0.02137
  -0.04510   -0.05303   -0.03495   -0.00764    0.00738    0.01448   -0.00919   -0.01336
  -0.00152    0.01086    0.00204   -0.07768   -0.00231   -0.00343   -0.05469   -0.03051
   0.06354   -0.03813   -0.02081   -0.01858   -0.01216    0.07120   -0.00199    0.02389
  -0.04561   -0.05248   -0.03549   -0.00354    0.01543   -0.00735   -0.01340   -0.02016
  -0.00812    0.01489    0.00417   -0.07816   -0.00941   -0.00295   -0.06038   -0.03795
   0.06241   -0.04007   -0.01980    0.01066   -0.00054   -0.06817    0.00378   -0.01551
  -0.04273   -0.05014   -0.03772   -0.01691   -0.01657    0.01198    0.00169    0.00932
   0.01558    0.01602   -0.01759   -0.06956    0.00825   -0.00786   -0.05225   -0.01608
   0.06217   -0.03932   -0.01952    0.00238    0.01151   -0.02422   -0.00022   -0.01466
  -0.04319   -0.05036   -0.03666   -0.01313   -0.00791   -0.01060   -0.00122    0.00443
   0.00904    0.02037   -0.01574   -0.06981    0.00271   -0.00854   -0.04960   -0.02218
   0.06199   -0.03863   -0.01926   -0.00583    0.02293    0.01925   -0.00435   -0.01290
  -0.04365   -0.05022   -0.03641   -0.00921    0.00031   -0.03262   -0.00484   -0.00110
   0.00248    0.02452   -0.01369   -0.07014   -0.00275   -0.00861   -0.05128   -0.02919
   0.06187   -0.03795   -0.01902   -0.01417    0.03413    0.06337   -0.00795   -0.01007
  -0.04413   -0.04971   -0.03694   -0.00506    0.00862   -0.05451   -0.00937   -0.00790
  -0.00416    0.02850   -0.01141   -0.07064   -0.00849   -0.00782   -0.05754   -0.03868
   0.06069   -0.03871   -0.02026    0.01565    0.04544   -0.07721   -0.00293   -0.05104
  -0.04134   -0.04752   -0.03857   -0.01869   -0.02383   -0.03555    0.00803    0.02167
   0.01967    0.02988   -0.03384   -0.06196    0.00578   -0.01686   -0.04340   -0.00868
   0.06043   -0.03835   -0.01918    0.00717    0.05765   -0.03286   -0.00685   -0.05004
  -0.04176   -0.04778   -0.03749   -0.01486   -0.01487   -0.05818    0.00513    0.01733
   0.01309    0.03428   -0.03202   -0.06217    0.00161   -0.01737   -0.04059   -0.01715
   0.06024   -0.03805   -0.01812   -0.00123    0.06923    0.01096   -0.01084   -0.04822
  -0.04217   -0.04767   -0.03724   -0.01090   -0.00639   -0.08029    0.00159    0.01228
   0.00650    0.03844   -0.02995   -0.06248   -0.00246   -0.01714   -0.04256   -0.02589
   0.06011   -0.03777   -0.01710   -0.00977    0.08064    0.05558   -0.01429   -0.04515
  -0.04261   -0.04717   -0.03783   -0.00670    0.00216   -0.10236   -0.00277    0.00576
  -0.00018    0.04243   -0.02760   -0.06295   -0.00704   -0.01612   -0.04963   -0.03654
   0.07234   -0.04678   -0.02132    0.00280   -0.07688   -0.05433    0.01823    0.06045
  -0.04970   -0.07204   -0.01529   -0.01990   -0.00144    0.10340   -0.02263   -0.01543
   0.00887   -0.00891    0.01555   -0.09459    0.02188   -0.00149   -0.03952    0.00536
   0.07214   -0.04540   -0.02234   -0.00537   -0.06487   -0.00996    0.01408    0.06159
  -0.05028   -0.07215   -0.01430   -0.01611    0.00651    0.08097   -0.02620   -0.02168
   0.00230   -0.00466    0.01760   -0.09508    0.01354   -0.00179   -0.03686    0.00181
   0.07197   -0.04404   -0.02337   -0.01346   -0.05336    0.03365    0.01011    0.06328
  -0.05085   -0.07193   -0.01400   -0.01223    0.01403    0.05868   -0.03006   -0.02816
  -0.00426   -0.00051    0.01965   -0.09559    0.00538   -0.00178   -0.03809   -0.00277
   0.07183   -0.04270   -0.02440   -0.02164   -0.04191    0.07803    0.00620    0.06556
  -0.05143   -0.07138   -0.01440   -0.00818    0.02164    0.03617   -0.03445   -0.03576
  -0.01089    0.00362    0.02171   -0.09619   -0.00332   -0.00130   -0.04321   -0.00878
   0.07053   -0.04551   -0.02150    0.00781   -0.03000   -0.06350    0.01082    0.02250
  -0.04814   -0.06844   -0.01771   -0.02124   -0.00823    0.05630   -0.00602    0.00098
   0.01294    0.00586   -0.00281   -0.08617    0.01862   -0.00400   -0.04380    0.00594
   0.07032   -0.04443   -0.02189   -0.00053   -0.01775   -0.01876    0.00700    0.02384
  -0.04869   -0.06854   -0.01675   -0.01741   -0.00010    0.03349   -0.00947   -0.00506
   0.00634    0.01017   -0.00080   -0.08665    0.01124   -0.00425   -0.04066    0.00068
   0.07015   -0.04338   -0.02228   -0.00880   -0.00599    0.02544    0.00338    0.02572
  -0.04924   -0.06834   -0.01647   -0.01348    0.00770    0.01101   -0.01333   -0.01146
  -0.00027    0.01436    0.00126   -0.08716    0.00387   -0.00395   -0.04212   -0.00560
   0.07000   -0.04234   -0.02269   -0.01717    0.00562    0.07028   -0.00013    0.02828
  -0.04980   -0.06783   -0.01684   -0.00936    0.01556   -0.01147   -0.01776   -0.01880
  -0.00695    0.01847    0.00341   -0.08776   -0.00388   -0.00323   -0.04833   -0.01271
   0.06875   -0.04430   -0.02160    0.01276    0.01691   -0.07232    0.00363   -0.01490
  -0.04663   -0.06522   -0.01948   -0.02278   -0.01510    0.00855    0.00765    0.01589
   0.01700    0.02034   -0.02045   -0.07809    0.01599   -0.00926   -0.04129    0.00838
   0.06852   -0.04349   -0.02141    0.00427    0.02938   -0.02723    0.00005   -0.01355
  -0.04715   -0.06532   -0.01856   -0.01890   -0.00668   -0.01449    0.00493    0.01040
   0.01037    0.02473   -0.01858   -0.07849    0.00935   -0.00924   -0.03848    0.00223
   0.06834   -0.04271   -0.02124   -0.00416    0.04128    0.01728   -0.00340   -0.01150
  -0.04767   -0.06514   -0.01828   -0.01493    0.00134   -0.03709    0.00112    0.00430
   0.00373    0.02894   -0.01650   -0.07898    0.00293   -0.00895   -0.04029   -0.00536
   0.06820   -0.04196   -0.02109   -0.01270    0.05305    0.06251   -0.00665   -0.00864
  -0.04822   -0.06468   -0.01864   -0.01078    0.00937   -0.05959   -0.00395   -0.00311
  -0.00299    0.03300   -0.01420   -0.07963   -0.00395   -0.00801   -0.04659   -0.01429
   0.06688   -0.04298   -0.02176    0.01768    0.06407   -0.08109   -0.00376   -0.05343
  -0.04510   -0.06211   -0.02090   -0.02438   -0.02157   -0.03993    0.02546    0.03233
   0.02107    0.03519   -0.03886   -0.06983    0.01334   -0.01768   -0.03380    0.01237
   0.06663   -0.04247   -0.02095    0.00903    0.07664   -0.03561   -0.00714   -0.05198
  -0.04559   -0.06224   -0.01996   -0.02045   -0.01284   -0.06296    0.02288    0.02733
   0.01440    0.03962   -0.03702   -0.07019    0.00777   -0.01746   -0.03173    0.00428
   0.06645   -0.04201   -0.02014    0.00044    0.08869    0.00915   -0.01040   -0.04993
  -0.04607   -0.06209   -0.01969   -0.01644   -0.00458   -0.08562    0.01913    0.02158
   0.00773    0.04384   -0.03493   -0.07067    0.00224   -0.01706   -0.03375   -0.00404
   0.06631   -0.04156   -0.01936   -0.00824    0.10074    0.05480   -0.01344   -0.04668
  -0.04659   -0.06163   -0.02008   -0.01225    0.00363   -0.10834    0.01401    0.01413
   0.00099    0.04791   -0.03257   -0.07131   -0.00368   -0.01606   -0.03993   -0.01475
   0.07894   -0.05094   -0.02367    0.00519   -0.05887   -0.05892    0.01877    0.06551
  -0.05380   -0.08854    0.00545   -0.02643   -0.00113    0.09987   -0.03286   -0.01325
   0.01040   -0.00562    0.01553   -0.10426    0.03024   -0.00231   -0.01338    0.03685
   0.07875   -0.04968   -0.02444   -0.00320   -0.04663   -0.01367    0.01512    0.06703
  -0.05443   -0.08863    0.00640   -0.02249    0.00684    0.07786   -0.03732   -0.01929
   0.00376   -0.00137    0.01766   -0.10484    0.02185   -0.00186   -0.01116    0.03254
   0.07858   -0.04838   -0.02530   -0.01152   -0.03480    0.03064    0.01177    0.06862
  -0.05502   -0.08840    0.00670   -0.01855    0.01430    0.05516   -0.04128   -0.02607
  -0.00287    0.00283    0.01972   -0.10542    0.01333   -0.00152   -0.01248    0.02683
   0.07841   -0.04713   -0.02608   -0.01991   -0.02278    0.07595    0.00834    0.07095
  -0.05561   -0.08784    0.00637   -0.01457    0.02164    0.03141   -0.04496   -0.03440
  -0.00956    0.00705    0.02175   -0.10613    0.00464   -0.00117   -0.01760    0.02021
   0.07701   -0.04974   -0.02355    0.01011   -0.01128   -0.06747    0.01072    0.02558
  -0.05216   -0.08478    0.00296   -0.02763   -0.00695    0.05257   -0.00697    0.00635
   0.01443    0.00982   -0.00432   -0.09535    0.02735   -0.00549   -0.01768    0.03604
   0.07682   -0.04868   -0.02389    0.00158    0.00101   -0.02199    0.00742    0.02714
  -0.05276   -0.08482    0.00379   -0.02365    0.00115    0.03021   -0.01067    0.00048
   0.00776    0.01412   -0.00226   -0.09588    0.01938   -0.00467   -0.01720    0.03059
   0.07665   -0.04760   -0.02425   -0.00694    0.01297    0.02253    0.00482    0.02858
  -0.05334   -0.08460    0.00409   -0.01968    0.00879    0.00736   -0.01463   -0.00626
   0.00110    0.01835   -0.00018   -0.09651    0.01133   -0.00416   -0.01882    0.02391
   0.07649   -0.04656   -0.02459   -0.01545    0.02524    0.06806    0.00174    0.03108
  -0.05393   -0.08411    0.00386   -0.01566    0.01626   -0.01629   -0.01903   -0.01442
  -0.00562    0.02255    0.00194   -0.09727    0.00309   -0.00387   -0.02255    0.01625
   0.07513   -0.04858   -0.02339    0.01498    0.03649   -0.07602    0.00316   -0.01423
  -0.05055   -0.08128    0.00089   -0.02907   -0.01321    0.00407    0.01505    0.02397
   0.01847    0.02497   -0.02344   -0.08679    0.02474   -0.01064   -0.01730    0.03678
   0.07492   -0.04771   -0.02330    0.00632    0.04884   -0.03024    0.00004   -0.01262
  -0.05112   -0.08129    0.00167   -0.02510   -0.00488   -0.01880    0.01266    0.01839
   0.01176    0.02935   -0.02151   -0.08723    0.01738   -0.00940   -0.01631    0.03058
   0.07475   -0.04683   -0.02325   -0.00231    0.06095    0.01452   -0.00241   -0.01092
  -0.05168   -0.08108    0.00197   -0.02109    0.00294   -0.04174    0.00872    0.01184
   0.00508    0.03359   -0.01942   -0.08785    0.00999   -0.00881   -0.01820    0.02283
   0.07460   -0.04600   -0.02319   -0.01093    0.07345    0.06039   -0.00523   -0.00806
  -0.05226   -0.08065    0.00177   -0.01700    0.01056   -0.06510    0.00305    0.00365
  -0.00166    0.03775   -0.01715   -0.08869    0.00216   -0.00874   -0.02254    0.01477
   0.07317   -0.04730   -0.02329    0.01981    0.08453   -0.08486   -0.00446   -0.05527
  -0.04891   -0.07774   -0.00108   -0.03054   -0.01924   -0.04523    0.04166    0.04292
   0.02253    0.04053   -0.04337   -0.07812    0.02181   -0.01853   -0.01167    0.03759
   0.07294   -0.04665   -0.02275    0.01105    0.09705   -0.03865   -0.00743   -0.05362
  -0.04945   -0.07778   -0.00023   -0.02656   -0.01064   -0.06840    0.04023    0.03777
   0.01579    0.04496   -0.04154   -0.07851    0.01510   -0.01711   -0.01109    0.03007
   0.07276   -0.04604   -0.02216    0.00234    0.10945    0.00672   -0.00990   -0.05127
  -0.04999   -0.07760    0.00006   -0.02253   -0.00259   -0.09142    0.03632    0.03141
   0.00907    0.04923   -0.03943   -0.07909    0.00861   -0.01633   -0.01292    0.02178
   0.07261   -0.04545   -0.02164   -0.00637    0.12214    0.05307   -0.01250   -0.04790
  -0.05055   -0.07716   -0.00021   -0.01836    0.00519   -0.11464    0.02977    0.02315
   0.00230    0.05336   -0.03705   -0.07994    0.00156   -0.01622   -0.01753    0.01208
   0.08547   -0.05514   -0.02572    0.00740   -0.03917   -0.06367    0.02008    0.06806
  -0.05781   -0.10523    0.02699   -0.03321   -0.00019    0.09420   -0.03522   -0.00923
   0.01193   -0.00155    0.01417   -0.11376    0.03847   -0.00282    0.02048    0.06818
   0.08528   -0.05396   -0.02637   -0.00100   -0.02648   -0.01761    0.01629    0.07022
  -0.05846   -0.10543    0.02818   -0.02921    0.00768    0.07237   -0.03997   -0.01467
   0.00527    0.00276    0.01628   -0.11436    0.03023   -0.00255    0.02254    0.06358
   0.08509   -0.05262   -0.02733   -0.00933   -0.01440    0.02755    0.01255    0.07200
  -0.05907   -0.10519    0.02849   -0.02525    0.01490    0.04940   -0.04395   -0.02150
  -0.00139    0.00698    0.01836   -0.11499    0.02172   -0.00195    0.02126    0.05819
   0.08491   -0.05145   -0.02799   -0.01778   -0.00226    0.07370    0.00882    0.07454
  -0.05968   -0.10449    0.02793   -0.02128    0.02184    0.02500   -0.04735   -0.03038
  -0.00813    0.01118    0.02043   -0.11568    0.01319   -0.00114    0.01624    0.05113
   0.08350   -0.05397   -0.02555    0.01236    0.00916   -0.07167    0.01123    0.02763
  -0.05613   -0.10144    0.02451   -0.03431   -0.00556    0.04690   -0.00538    0.01196
   0.01595    0.01422   -0.00637   -0.10470    0.03575   -0.00723    0.01542    0.06678
   0.08334   -0.05295   -0.02585    0.00367    0.02061   -0.02555    0.00778    0.02881
  -0.05681   -0.10189    0.02609   -0.03009    0.00353    0.02739   -0.00742    0.00969
   0.00921    0.01846   -0.00428   -0.10488    0.02851   -0.00384    0.01644    0.06433
   0.08318   -0.05184   -0.02625   -0.00491    0.03280    0.01937    0.00562    0.03024
  -0.05742   -0.10166    0.02640   -0.02610    0.01091    0.00431   -0.01143    0.00284
   0.00252    0.02271   -0.00220   -0.10556    0.02014   -0.00315    0.01481    0.05720
   0.08297   -0.05081   -0.02654   -0.01336    0.04633    0.06556    0.00268    0.03346
  -0.05797   -0.10072    0.02544   -0.02230    0.01684   -0.02260   -0.01753   -0.00907
  -0.00419    0.02701   -0.00008   -0.10672    0.01120   -0.00507    0.01055    0.04677
   0.08155   -0.05281   -0.02529    0.01721    0.05756   -0.08010    0.00336   -0.01345
  -0.05449   -0.09777    0.02226   -0.03564   -0.01144   -0.00158    0.02166    0.03149
   0.01999    0.02979   -0.02641   -0.09589    0.03298   -0.01264    0.01566    0.06657
   0.08138   -0.05194   -0.02527    0.00842    0.06901   -0.03369    0.00010   -0.01230
  -0.05512   -0.09817    0.02378   -0.03148   -0.00218   -0.02198    0.02149    0.02922
   0.01321    0.03408   -0.02442   -0.09597    0.02642   -0.00873    0.01580    0.06293
   0.08122   -0.05104   -0.02521   -0.00030    0.08135    0.01154   -0.00174   -0.01057
  -0.05571   -0.09795    0.02408   -0.02745    0.00541   -0.04520    0.01748    0.02250
   0.00649    0.03835   -0.02232   -0.09665    0.01855   -0.00799    0.01410    0.05576
   0.08101   -0.05017   -0.02518   -0.00881    0.09522    0.05805   -0.00439   -0.00686
  -0.05627   -0.09710    0.02317   -0.02351    0.01158   -0.07150    0.00956    0.01090
  -0.00023    0.04264   -0.02010   -0.09792    0.00975   -0.01033    0.01019    0.04374
   0.07954   -0.05148   -0.02517    0.02198    0.10601   -0.08934   -0.00404   -0.05648
  -0.05279   -0.09403    0.02000   -0.03696   -0.01719   -0.05071    0.05214    0.05202
   0.02405    0.04568   -0.04707   -0.08702    0.02954   -0.02030    0.01895    0.06512
   0.07931   -0.05079   -0.02474    0.01325    0.11884   -0.04230   -0.00724   -0.05451
  -0.05335   -0.09413    0.02105   -0.03305   -0.00880   -0.07447    0.05203    0.04693
   0.01729    0.05016   -0.04527   -0.08737    0.02272   -0.01831    0.02073    0.05868
   0.07912   -0.05024   -0.02403    0.00450    0.13166    0.00421   -0.00948   -0.05137
  -0.05392   -0.09392    0.02135   -0.02898   -0.00097   -0.09781    0.04806    0.04038
   0.01053    0.05445   -0.04315   -0.08802    0.01586   -0.01752    0.01873    0.05025
   0.07896   -0.04959   -0.02362   -0.00418    0.14457    0.05131   -0.01225   -0.04731
  -0.05453   -0.09340    0.02090   -0.02472    0.00644   -0.12096    0.04010    0.03197
   0.00373    0.05857   -0.04071   -0.08895    0.00843   -0.01768    0.01327    0.04037
   0.09197   -0.05930   -0.02767    0.00939   -0.01897   -0.06826    0.02271    0.06975
  -0.06174   -0.12155    0.04800   -0.04002    0.00104    0.08694   -0.03211   -0.00608
   0.01342    0.00289    0.01204   -0.12313    0.04564   -0.00275    0.05129    0.09741
   0.09173   -0.05816   -0.02827    0.00104   -0.00619   -0.02149    0.01794    0.07158
  -0.06236   -0.12176    0.04943   -0.03629    0.00838    0.06321   -0.03308   -0.01172
   0.00674    0.00729    0.01396   -0.12355    0.03817   -0.00177    0.05642    0.09329
   0.09151   -0.05684   -0.02934   -0.00712    0.00623    0.02498    0.01228    0.07415
  -0.06301   -0.12150    0.04974   -0.03233    0.01491    0.03995   -0.03695   -0.01803
   0.00007    0.01152    0.01605   -0.12413    0.03032   -0.00129    0.05513    0.08832
   0.09132   -0.05572   -0.02996   -0.01547    0.01861    0.07190    0.00793    0.07775
  -0.06368   -0.12076    0.04896   -0.02808    0.02146    0.01707   -0.04401   -0.02609
  -0.00668    0.01563    0.01831   -0.12494    0.02186   -0.00110    0.04690    0.08052
   0.09002   -0.05799   -0.02764    0.01421    0.02955   -0.07779    0.01493    0.02729
  -0.06006   -0.11775    0.04551   -0.04107   -0.00438    0.03986   -0.00252    0.01517
   0.01748    0.01877   -0.00870   -0.11427    0.04194   -0.00834    0.04725    0.09482
   0.08985   -0.05708   -0.02787    0.00558    0.04058   -0.03024    0.00993    0.02891
  -0.06078   -0.11858    0.04789   -0.03684    0.00533    0.02151   -0.00072    0.01610
   0.01068    0.02301   -0.00671   -0.11398    0.03641   -0.00303    0.04943    0.09546
   0.08961   -0.05616   -0.02816   -0.00263    0.05355    0.01760    0.00462    0.03280
  -0.06141   -0.11833    0.04821   -0.03283    0.01209   -0.00195   -0.00459    0.00988
   0.00395    0.02727   -0.00461   -0.11453    0.02961   -0.00228    0.04797    0.08918
   0.08934   -0.05522   -0.02836   -0.01080    0.06833    0.06529    0.00064    0.03816
  -0.06198   -0.11699    0.04646   -0.02901    0.01661   -0.03045   -0.01437   -0.00447
  -0.00274    0.03159   -0.00238   -0.11601    0.02045   -0.00625    0.04254    0.07518
   0.08804   -0.05681   -0.02739    0.01911    0.07849   -0.08635    0.00691   -0.01439
  -0.05842   -0.11409    0.04325   -0.04222   -0.01007   -0.00775    0.02455    0.03618
   0.02154    0.03457   -0.02916   -0.10546    0.03876   -0.01519    0.04618    0.09303
   0.08787   -0.05604   -0.02732    0.01044    0.08986   -0.03851    0.00228   -0.01206
  -0.05913   -0.11500    0.04568   -0.03785   -0.00009   -0.02556    0.02452    0.03764
   0.01474    0.03882   -0.02709   -0.10526    0.03340   -0.01042    0.04924    0.09258
   0.08763   -0.05537   -0.02707    0.00207    0.10303    0.00975   -0.00259   -0.00781
  -0.05975   -0.11476    0.04599   -0.03377    0.00697   -0.04923    0.02063    0.03152
   0.00797    0.04311   -0.02497   -0.10579    0.02705   -0.00963    0.04765    0.08548
   0.08735   -0.05456   -0.02697   -0.00621    0.11784    0.05782   -0.00641   -0.00249
  -0.06027   -0.11337    0.04418   -0.03000    0.01168   -0.07859    0.01270    0.01695
   0.00123    0.04744   -0.02281   -0.10720    0.01826   -0.01289    0.04108    0.07137
   0.08597   -0.05554   -0.02727    0.02411    0.12760   -0.09414   -0.00197   -0.05653
  -0.05673   -0.11036    0.04099   -0.04340   -0.01553   -0.05610    0.05527    0.05811
   0.02561    0.05056   -0.05003   -0.09638    0.03589   -0.02279    0.04866    0.09195
   0.08571   -0.05489   -0.02680    0.01554    0.14137   -0.04636   -0.00571   -0.05348
  -0.05732   -0.11069    0.04245   -0.03935   -0.00743   -0.07910    0.05237    0.05411
   0.01888    0.05511   -0.04818   -0.09693    0.02912   -0.02295    0.05331    0.08483
   0.08549   -0.05451   -0.02583    0.00688    0.15463    0.00179   -0.00951   -0.04936
  -0.05793   -0.11045    0.04276   -0.03525   -0.00020   -0.10287    0.04846    0.04795
   0.01207    0.05942   -0.04605   -0.09753    0.02290   -0.02200    0.05135    0.07616
   0.08532   -0.05391   -0.02539   -0.00180    0.16717    0.04977   -0.01294   -0.04480
  -0.05854   -0.10968    0.04191   -0.03109    0.00670   -0.12724    0.04340    0.03907
   0.00522    0.06349   -0.04364   -0.09823    0.01604   -0.02002    0.04295    0.06707
