5.585492278525071015e+03
3.755350859600054264e+03
3.649486521251670638e+03
1.179100105075794545e+03
4.476305986785467894e+02
2.049722855812231899e+02
1.813083906179883513e+02
1.561358814055125492e+02
1.523411615904902021e+02
1.345308504802050606e+02
1.186527962929062738e+02
8.795124436807496693e+01
6.733245340951661717e+01
6.035349563680450302e+01
4.574050307165311580e+01
4.308786749479487099e+01
3.680486704690758870e+01
2.659283336135162656e+01
2.413882455990887621e+01
2.183373169968947991e+01
1.811595385757107479e+01
1.433547314468375511e+01
1.322755294504434787e+01
1.026089477146694406e+01
8.702926063628307674e+00
6.033742893697010778e+00
5.353565816563851776e+00
4.974052287905599279e+00
3.632166491081774140e+00
2.677500902363385116e+00
2.407476312533169072e+00
2.171707870738461388e+00
1.811414192031342685e+00
1.722141982484774791e+00
1.493658083000104497e+00
1.312128316060508171e+00
1.163414427990976385e+00
9.350796330004952361e-01
8.305993736618459966e-01
7.388088437962296862e-01
6.584793383730218608e-01
4.654950360077209082e-01
4.117725478966383634e-01
3.922190662298246644e-01
3.204556025729865532e-01
2.925516254259900584e-01
2.521664501081519183e-01
2.283138100456250097e-01
1.825720040401918876e-01
1.616243852767723643e-01
1.565432321213673927e-01
1.240738781274101782e-01
1.216890417855844286e-01
1.179088043849915862e-01
1.110298303767917050e-01
1.029709096641751309e-01
8.062545099708044727e-02
7.510366292931883181e-02
5.923434734164825799e-02
5.151290781468634283e-02
4.881576257821537701e-02
4.157037427989423301e-02
3.992005152216989566e-02
3.353036129011783412e-02
2.991993251909333754e-02
2.454247455503806921e-02
2.237967531921847275e-02
2.001542554193225937e-02
1.829724810019351181e-02
1.557723518543255997e-02
1.537558034878740328e-02
1.398784752787524815e-02
1.338616143415189037e-02
1.213236246244292320e-02
1.105364735030180123e-02
1.078177990308499742e-02
9.535532704959196262e-03
9.190984082185988183e-03
8.214507590540319135e-03
7.438846312547021944e-03
7.215727228155647058e-03
6.774092429053718556e-03
6.680604817203231877e-03
6.533271245869073582e-03
6.473916592005182422e-03
6.308479596811381214e-03
6.292803125887847480e-03
5.948187916797380813e-03
5.926778030987149212e-03
5.822027952893232654e-03
5.763257486877567705e-03
5.622562959691534794e-03
5.571842133608628962e-03
5.472129438193832837e-03
5.378907706398372568e-03
5.295289530382570227e-03
5.167198760242856098e-03
5.122864733179124594e-03
5.042118673179865097e-03
4.999201009779513129e-03
4.898879116905292819e-03
4.868814876778091057e-03
4.830717714567216159e-03
4.636714622372485259e-03
4.563881169896985904e-03
4.547531336280808377e-03
4.449628168948270915e-03
4.382448919132466043e-03
4.299797621185294343e-03
4.282856000152192311e-03
4.160650084882690398e-03
4.071684334214223031e-03
3.988207744852654071e-03
3.913563605134963083e-03
3.816530129026670260e-03
3.732103949487275332e-03
3.693725293197148551e-03
3.580853956678445391e-03
3.524536254450978071e-03
3.440855717857384255e-03
3.314445122106112612e-03
3.019496239951836164e-03
2.168375393911709838e-03
1.824820816097671430e-03
1.566817879090501861e-03
1.410029190135165351e-03
1.130069598763028347e-03
1.097356977386970689e-03
