0
2
3
6
8
9
12
17
23
25
30
34
40
41
42
44
47
49
53
58
59
63
64
66
68
78
83
85
86
87
88
91
93
94
99
102
105
106
111
113
115
118
119
123
127
130
135
136
138
139
141
142
143
145
146
148
149
154
161
162
164
165
173
181
182
185
186
187
189
197
203
206
212
214
215
216
219
221
223
225
227
232
237
240
241
242
248
255
259
260
262
264
265
277
278
282
294
299
302
305
310
315
316
324
325
327
330
338
339
340
342
344
345
350
352
357
358
360
361
365
366
369
370
371
373
376
386
387
390
391
392
393
395
396
399
401
402
403
404
406
407
411
414
415
424
428
430
433
435
439
441
444
456
459
460
461
466
468
471
475
477
483
493
494
495
496
498
509
510
513
514
517
523
525
527
529
533
534
542
543
548
552
561
562
563
564
566
567
574
578
581
584
590
591
593
597
602
604
607
609
611
618
625
630
632
639
643
645
647
654
662
663
671
672
688
691
697
698
704
712
713
723
726
729
731
733
738
741
742
744
759
760
764
775
797
805
806
807
817
865
885
887
893
906
921
947
948
995
1007
1039
1062
1065
1093
1124
1158
1171
1179
1192
1220
1237
1240
1250
1274
1289
1315
1371
1378
1411
1413
1414
1420
1445
1453
1490
1502
1558
1559
1568
1570
1579
1597
1598
1617
1621
