474 3
  -0.00374    0.11933   -0.00923
   0.12487   -0.00669   -0.01998
   0.00076   -0.00865   -0.12110
  -0.00331    0.11363   -0.03970
   0.12382   -0.00137   -0.01925
   0.00084   -0.00894   -0.12153
  -0.00216    0.10124   -0.00634
   0.10400    0.00818    0.00818
   0.00047   -0.00516   -0.08934
  -0.00176    0.09596   -0.03626
   0.10299    0.01348    0.00843
   0.00061   -0.00640   -0.09046
  -0.01319    0.09927    0.00944
   0.09225    0.02120    0.01729
   0.00046   -0.00088   -0.07391
  -0.01306    0.09403   -0.01882
   0.09103    0.02639    0.01604
  -0.00076    0.00053   -0.07140
   0.01171    0.06923   -0.00712
   0.07707   -0.00390    0.03889
   0.00084   -0.00237   -0.05781
   0.01191    0.06519   -0.03080
   0.07580    0.00005    0.03653
   0.00073   -0.00342   -0.05867
   0.01472    0.02993    0.00154
   0.04463    0.00080    0.05324
   0.00098   -0.00291   -0.03276
   0.01490    0.02626   -0.01981
   0.04326    0.00448    0.05024
   0.00077   -0.00295   -0.03371
  -0.00489    0.01491    0.00804
   0.02735    0.02624    0.04614
   0.00027   -0.00128   -0.02199
  -0.00482    0.01176   -0.00885
   0.02585    0.03020    0.04694
  -0.00029    0.00095   -0.02074
   0.00619    0.01498    0.01825
   0.01794    0.01387    0.03641
   0.00069   -0.00249   -0.01308
   0.00634    0.01287    0.00612
   0.01661    0.01579    0.03286
   0.00094   -0.00122   -0.01111
   0.00568    0.00780    0.01517
   0.00365    0.00099    0.00918
   0.00042   -0.00076   -0.00097
   0.00704    0.00493    0.00441
   0.00264    0.00244    0.00917
   0.00051   -0.00131   -0.00136
   0.00000    0.00000    0.00000
   0.00000    0.00000    0.00000
   0.00000    0.00000   -0.00000
   0.00000    0.00000    0.00000
   0.00000    0.00000    0.00000
   0.00000    0.00000    0.00000
   0.00000    0.00000   -0.00000
   0.00000    0.00000    0.00000
  -0.00000   -0.00000    0.00000
   0.00000   -0.00000    0.00000
   0.00000    0.00000    0.00000
   0.00000    0.00000    0.00000
   0.00000    0.00000    0.00000
   0.00000    0.00000    0.00000
  -0.00000   -0.00000   -0.00000
   0.00000    0.00000    0.00000
   0.00000    0.00000    0.00000
   0.00000    0.00000    0.00000
  -0.02464    0.14609    0.01784
   0.13728   -0.00039   -0.04278
  -0.00014   -0.00441   -0.13988
  -0.02421    0.14031   -0.01473
   0.13615    0.00508   -0.04172
  -0.00014   -0.00444   -0.13976
  -0.01793    0.14078    0.00582
   0.13764   -0.00595   -0.04134
   0.00023   -0.00658   -0.14084
  -0.01748    0.13485   -0.02355
   0.13654   -0.00054   -0.04041
   0.00026   -0.00666   -0.14094
  -0.00366    0.11674   -0.02373
   0.12434   -0.00394   -0.01987
   0.00081   -0.00880   -0.12138
  -0.00194    0.09869   -0.02116
   0.10344    0.01016    0.00831
   0.00054   -0.00577   -0.08972
  -0.00312    0.11077   -0.00719
   0.11459    0.00092   -0.00611
   0.00064   -0.00709   -0.10537
  -0.00265    0.10513   -0.03766
   0.11354    0.00620   -0.00508
   0.00066   -0.00738   -0.10577
  -0.01330    0.09719   -0.00497
   0.09190    0.02405    0.01693
  -0.00026   -0.00005   -0.07213
  -0.00761    0.10056    0.00058
   0.09843    0.01472    0.01265
   0.00076   -0.00307   -0.08197
  -0.00750    0.09560   -0.02776
   0.09738    0.02037    0.01251
  -0.00030   -0.00283   -0.07989
   0.01156    0.06792   -0.01829
   0.07651   -0.00201    0.03650
   0.00076   -0.00286   -0.05837
  -0.00031    0.08316   -0.00182
   0.08464    0.00829    0.03073
   0.00052   -0.00150   -0.06552
  -0.00024    0.07856   -0.02679
   0.08332    0.01289    0.02769
   0.00006   -0.00160   -0.06501
   0.01478    0.02830   -0.00952
   0.04406    0.00260    0.05114
   0.00096   -0.00302   -0.03343
   0.01355    0.04840   -0.00309
   0.06059   -0.00145    0.04788
   0.00098   -0.00267   -0.04526
   0.01365    0.04437   -0.02543
   0.05917    0.00262    0.04494
   0.00073   -0.00302   -0.04581
  -0.00415    0.01204   -0.00050
   0.02628    0.02781    0.04772
   0.00004   -0.00022   -0.02044
   0.00489    0.02171    0.00691
   0.03557    0.01503    0.05334
   0.00069   -0.00178   -0.02739
   0.00486    0.01816   -0.01293
   0.03408    0.01915    0.04997
   0.00049   -0.00180   -0.02760
   0.00604    0.01362    0.01184
   0.01713    0.01512    0.03455
   0.00082   -0.00208   -0.01236
   0.00138    0.01362    0.01195
   0.02218    0.01964    0.04172
   0.00022   -0.00172   -0.01698
   0.00140    0.01101   -0.00110
   0.02059    0.02282    0.03994
   0.00044   -0.00027   -0.01621
   0.00515    0.00685    0.01030
   0.00370    0.00166    0.00805
   0.00052   -0.00057   -0.00123
   0.00618    0.01054    0.01721
   0.00993    0.00804    0.02382
   0.00060   -0.00180   -0.00648
   0.00669    0.00852    0.00655
   0.00898    0.00929    0.02111
   0.00073   -0.00081   -0.00510
   0.00000    0.00000    0.00000
   0.00000    0.00000    0.00000
   0.00000    0.00000    0.00000
   0.00133    0.00222    0.00592
   0.00070    0.00067    0.00316
   0.00011   -0.00049   -0.00063
   0.00144    0.00058    0.00024
  -0.00037    0.00161    0.00199
   0.00017   -0.00027   -0.00119
  -0.00000   -0.00000   -0.00000
   0.00000    0.00000    0.00000
   0.00000    0.00000    0.00000
  -0.00000   -0.00000   -0.00000
   0.00000    0.00000    0.00000
   0.00000    0.00000    0.00000
  -0.02438    0.14279    0.00125
   0.13673    0.00224   -0.04210
  -0.00014   -0.00441   -0.13985
   0.00000    0.00000    0.00000
   0.00000    0.00000    0.00000
   0.00000    0.00000    0.00000
  -0.00523   -0.00180   -0.00420
   0.00561    0.00688    0.01056
   0.00050    0.00074   -0.00248
  -0.00822    0.00373   -0.00167
   0.01611    0.01897    0.02956
   0.00011    0.00074   -0.01068
  -0.01233    0.01614    0.00660
   0.02922    0.03208    0.04431
   0.00021   -0.00128   -0.02515
  -0.01765    0.04377    0.01251
   0.04960    0.03885    0.04250
  -0.00007    0.00104   -0.03884
  -0.02122    0.07648    0.01620
   0.07260    0.03820    0.03021
  -0.00024    0.00123   -0.05694
  -0.02252    0.10595    0.01651
   0.09434    0.02959    0.01208
  -0.00038    0.00078   -0.07573
  -0.02255    0.12122    0.01738
   0.10964    0.01925   -0.00504
  -0.00042   -0.00006   -0.09596
  -0.02371    0.13365    0.01761
   0.12336    0.01012   -0.02283
  -0.00033   -0.00228   -0.11795
   0.00000    0.00000    0.00000
   0.00000    0.00000    0.00000
   0.00000    0.00000    0.00000
  -0.00506   -0.00282   -0.01042
   0.00455    0.00972    0.01225
  -0.00123    0.00203   -0.00204
  -0.00797    0.00213   -0.01175
   0.01499    0.02161    0.02942
  -0.00099    0.00166   -0.00965
  -0.01221    0.01199   -0.01439
   0.02761    0.03624    0.04545
  -0.00113    0.00346   -0.02033
  -0.01749    0.04026   -0.00677
   0.04823    0.04299    0.04080
  -0.00100    0.00256   -0.03505
  -0.02096    0.07143   -0.00934
   0.07119    0.04275    0.02985
  -0.00095    0.00250   -0.05375
  -0.02239    0.10119   -0.01121
   0.09341    0.03494    0.01142
  -0.00067    0.00241   -0.07528
  -0.02241    0.11575   -0.01190
   0.10850    0.02533   -0.00370
  -0.00054    0.00025   -0.09552
  -0.02331    0.12787   -0.01292
   0.12225    0.01560   -0.02199
  -0.00041   -0.00206   -0.11731
  -0.01774    0.13790   -0.00891
   0.13708   -0.00315   -0.04086
   0.00025   -0.00662   -0.14087
  -0.00825    0.13046   -0.00585
   0.13425   -0.01075   -0.03421
   0.00072   -0.00900   -0.13589
  -0.00780    0.12460   -0.03584
   0.13312   -0.00535   -0.03321
   0.00076   -0.00916   -0.13596
  -0.00322    0.10815   -0.02153
   0.11399    0.00423   -0.00538
   0.00065   -0.00717   -0.10521
  -0.00315    0.11086   -0.03086
   0.11896    0.00117   -0.01235
   0.00077   -0.00806   -0.11349
  -0.00262    0.10498   -0.01380
   0.10910    0.00581    0.00080
   0.00057   -0.00636   -0.09764
  -0.00336    0.11375   -0.01546
   0.11951   -0.00151   -0.01291
   0.00070   -0.00791   -0.11316
  -0.00244    0.10215   -0.02884
   0.10856    0.00862    0.00165
   0.00061   -0.00664   -0.09781
  -0.00775    0.09872   -0.01140
   0.09788    0.01727    0.01266
   0.00033   -0.00292   -0.08110
  -0.00566    0.09756   -0.02255
   0.09979    0.01693    0.01097
   0.00030   -0.00418   -0.08437
  -0.00978    0.09646   -0.01718
   0.09527    0.02156    0.01485
  -0.00013   -0.00164   -0.07703
  -0.00047    0.08059   -0.01553
   0.08388    0.01110    0.02901
   0.00029   -0.00150   -0.06466
   0.00405    0.07677   -0.01018
   0.08149    0.00494    0.03262
   0.00057   -0.00196   -0.06265
  -0.00541    0.08780   -0.00448
   0.08719    0.01504    0.02566
   0.00036   -0.00123   -0.06827
   0.01337    0.04682   -0.01417
   0.05996    0.00090    0.04594
   0.00082   -0.00273   -0.04511
   0.01259    0.05601   -0.02248
   0.06788    0.00064    0.04164
   0.00072   -0.00301   -0.05174
   0.01253    0.05813   -0.01055
   0.06855   -0.00134    0.04274
   0.00084   -0.00259   -0.05166
   0.01413    0.03814   -0.00611
   0.05221    0.00088    0.04952
   0.00097   -0.00283   -0.03904
   0.00516    0.02002   -0.00581
   0.03501    0.01598    0.04982
   0.00041   -0.00143   -0.02671
   0.00151    0.01748    0.00260
   0.03188    0.01994    0.05102
   0.00052   -0.00138   -0.02510
   0.00857    0.02409   -0.00046
   0.03866    0.01028    0.05148
   0.00072   -0.00207   -0.02917
   0.00132    0.01158    0.00458
   0.02080    0.02143    0.04086
   0.00044   -0.00101   -0.01603
  -0.00068    0.01253    0.00622
   0.02335    0.02276    0.04332
   0.00010   -0.00091   -0.01798
   0.00339    0.01308    0.01072
   0.01989    0.01765    0.03926
   0.00056   -0.00197   -0.01529
   0.00591    0.00919    0.01052
   0.00969    0.00902    0.02211
   0.00082   -0.00134   -0.00540
   0.00609    0.01211    0.01460
   0.01368    0.01128    0.02865
   0.00073   -0.00208   -0.00927
   0.00567    0.00854    0.01335
   0.00654    0.00463    0.01465
   0.00045   -0.00132   -0.00358
   0.00613    0.00728    0.00788
   0.00613    0.00556    0.01524
   0.00095   -0.00104   -0.00343
   0.00605    0.01110    0.00869
   0.01321    0.01283    0.02834
   0.00086   -0.00133   -0.00809
   0.00000    0.00000    0.00000
   0.00000    0.00000    0.00000
   0.00000    0.00000    0.00000
   0.00270    0.00351    0.00737
   0.00166    0.00013    0.00419
   0.00045   -0.00027   -0.00021
   0.00000    0.00000    0.00000
   0.00000    0.00000    0.00000
   0.00000    0.00000    0.00000
   0.00000    0.00000    0.00000
   0.00000    0.00000    0.00000
   0.00000    0.00000    0.00000
   0.00000    0.00000    0.00000
   0.00000    0.00000    0.00000
   0.00000    0.00000    0.00000
   0.00000   -0.00000    0.00000
   0.00000    0.00000    0.00000
   0.00000    0.00000    0.00000
   0.00000    0.00000    0.00000
   0.00000    0.00000    0.00000
   0.00000    0.00000    0.00000
  -0.02196    0.11199    0.00287
   0.10208    0.02618    0.00387
  -0.00049    0.00102   -0.08490
  -0.02302    0.12467    0.00282
   0.11590    0.01776   -0.01288
  -0.00048   -0.00102   -0.10652
  -0.00650   -0.00018   -0.00702
   0.00996    0.01459    0.02135
  -0.00042    0.00125   -0.00591
  -0.00909    0.00640   -0.00619
   0.02115    0.02692    0.03935
  -0.00043    0.00107   -0.01552
  -0.01564    0.02747    0.00107
   0.03793    0.03974    0.04493
  -0.00050    0.00149   -0.02926
  -0.00290   -0.00260   -0.00440
   0.00169    0.00397    0.00458
  -0.00027    0.00101    0.00051
  -0.02283    0.09063    0.00352
   0.08357    0.03854    0.02150
  -0.00055    0.00194   -0.06441
  -0.01911    0.05764    0.00265
   0.06040    0.04028    0.03640
  -0.00055    0.00190   -0.04575
   0.00000    0.00000    0.00000
   0.00000    0.00000    0.00000
   0.00000    0.00000    0.00000
  -0.02375    0.13393    0.00238
   0.12632    0.01009   -0.02751
  -0.00031   -0.00272   -0.12319
  -0.02096    0.13906   -0.01082
   0.13662    0.00095   -0.04125
   0.00006   -0.00554   -0.14026
  -0.02118    0.14204    0.00480
   0.13718   -0.00180   -0.04169
   0.00004   -0.00550   -0.14034
  -0.00805    0.12755   -0.02063
   0.13369   -0.00806   -0.03380
   0.00074   -0.00908   -0.13598
  -0.01247    0.13227   -0.02116
   0.13617   -0.00577   -0.03838
   0.00053   -0.00814   -0.13996
  -0.01263    0.13426   -0.00897
   0.13654   -0.00758   -0.03870
   0.00053   -0.00813   -0.13999
  -0.00484    0.12074   -0.02869
   0.12929   -0.00618   -0.02701
   0.00086   -0.00938   -0.12957
  -0.00499    0.12274   -0.01833
   0.12967   -0.00801   -0.02732
   0.00081   -0.00923   -0.12931
   0.00048    0.00204    0.00423
   0.00526    0.00523    0.01247
   0.00021   -0.00152   -0.00467
   0.00054    0.03891    0.00507
   0.04987    0.01706    0.04842
   0.00059   -0.00126   -0.03824
  -0.01103    0.11194    0.00402
   0.10853    0.01142   -0.00039
   0.00018   -0.00356   -0.09529
   0.00000    0.00000    0.00000
   0.00000    0.00000    0.00000
   0.00000    0.00000    0.00000
  -0.01565    0.10926    0.00954
   0.10148    0.01913    0.00678
   0.00019   -0.00121   -0.08530
  -0.00311    0.06276    0.00381
   0.06783    0.01731    0.03967
   0.00037   -0.00081   -0.05255
  -0.00034    0.00702    0.00753
   0.01344    0.01330    0.02802
   0.00020   -0.00129   -0.01024
  -0.01219    0.12147    0.00350
   0.11930    0.00457   -0.01435
   0.00021   -0.00501   -0.11178
  -0.01492    0.13106    0.00517
   0.12849   -0.00079   -0.02782
   0.00025   -0.00588   -0.12645
  -0.00677    0.02617    0.00886
   0.03808    0.02809    0.04922
   0.00033   -0.00051   -0.03063
  -0.00063   -0.00062   -0.00002
   0.00106    0.00211    0.00429
   0.00075    0.00025   -0.00090
  -0.00429    0.00936    0.00537
   0.02078    0.02175    0.03861
  -0.00039   -0.00038   -0.01605
  -0.01155    0.08267    0.00704
   0.08052    0.02365    0.02813
   0.00021   -0.00027   -0.06334
  -0.02051    0.13807    0.01186
   0.13179    0.00086   -0.03380
  -0.00002   -0.00471   -0.13134
  -0.01802    0.09212    0.01238
   0.08531    0.02930    0.02131
  -0.00023    0.00048   -0.06764
   0.00055    0.00097   -0.00280
   0.00411    0.00726    0.01163
   0.00011    0.00115   -0.00181
   0.00076    0.03509   -0.01684
   0.04843    0.02085    0.04616
  -0.00008   -0.00065   -0.03750
  -0.01076    0.10640   -0.02566
   0.10736    0.01722    0.00086
   0.00013   -0.00371   -0.09531
   0.00000    0.00000    0.00000
   0.00000    0.00000    0.00000
   0.00000    0.00000    0.00000
  -0.01553    0.10413   -0.01868
   0.10038    0.02501    0.00694
  -0.00041   -0.00042   -0.08325
  -0.00307    0.05876   -0.01914
   0.06656    0.02164    0.03741
  -0.00007   -0.00080   -0.05190
  -0.00022    0.00530   -0.00301
   0.01238    0.01578    0.02631
   0.00028    0.00037   -0.00818
  -0.01174    0.11573   -0.02697
   0.11824    0.00985   -0.01345
   0.00029   -0.00530   -0.11243
  -0.01446    0.12521   -0.02546
   0.12738    0.00459   -0.02683
   0.00027   -0.00599   -0.12655
  -0.00670    0.02259   -0.01168
   0.03674    0.03200    0.04640
  -0.00055    0.00056   -0.02898
  -0.00045   -0.00052   -0.00200
   0.00058    0.00278    0.00318
  -0.00069    0.00060   -0.00128
  -0.00427    0.00688   -0.00863
   0.01932    0.02497    0.03790
   0.00022    0.00038   -0.01555
  -0.01167    0.07758   -0.01622
   0.07867    0.02915    0.02825
  -0.00053    0.00078   -0.06003
  -0.02009    0.13228   -0.01879
   0.13067    0.00631   -0.03286
  -0.00000   -0.00478   -0.13133
  -0.01776    0.08736   -0.01352
   0.08407    0.03408    0.02161
  -0.00041    0.00160   -0.06511
  -0.01428    0.10834   -0.01105
   0.10471    0.02002    0.00342
  -0.00018   -0.00181   -0.08970
  -0.01593    0.12870   -0.01390
   0.12843    0.00331   -0.02841
   0.00019   -0.00566   -0.12749
  -0.01609    0.13038   -0.00489
   0.12876    0.00175   -0.02868
   0.00019   -0.00564   -0.12745
