126 10
   0.00101    0.05233    0.08841    0.04083   -0.11686   -0.15191    0.00001    0.06368   -0.03478   -0.02621
  -0.12616   -0.00462   -0.16417    0.10029   -0.05548    0.03757    0.08155    0.03774    0.00716   -0.01034
  -0.04909    0.10389    0.10091    0.06511    0.12886   -0.00891   -0.01932   -0.00697   -0.02729   -0.02864
  -0.02139    0.02696    0.05485    0.02578   -0.08205   -0.18533   -0.04285    0.08672   -0.00618   -0.07099
  -0.14043   -0.02483   -0.12185    0.09542   -0.05497    0.01851    0.02335    0.03031   -0.00814    0.00514
  -0.05243    0.09253    0.19587    0.06693    0.11506    0.00826   -0.05182   -0.02478   -0.03850   -0.03147
   0.05946    0.01103   -0.00939    0.05652   -0.02426   -0.14380    0.00155   -0.02207    0.03032   -0.02389
  -0.07551   -0.04093    0.00636    0.12294   -0.05261    0.09387    0.01988   -0.09520   -0.04428    0.06692
  -0.03377    0.09038   -0.01198    0.05339    0.17242   -0.02230    0.01348   -0.03848    0.03937    0.06903
   0.11305    0.09086    0.11106    0.15440   -0.21329    0.01449    0.17154   -0.00693    0.14221   -0.16957
  -0.20971   -0.03682   -0.18028    0.01204   -0.04636   -0.13313   -0.15188    0.04974   -0.13078    0.11311
  -0.09881    0.24595   -0.02478   -0.01989   -0.09991   -0.00809    0.00085    0.07478   -0.10986    0.10284
   0.00000   -0.00000   -0.00000    0.00000   -0.00000   -0.00000   -0.00000    0.00000    0.00000   -0.00000
   0.00000   -0.00000    0.00000    0.00000   -0.00000    0.00000    0.00000   -0.00000   -0.00000    0.00000
  -0.00000    0.00000   -0.00000   -0.00000    0.00000    0.00000    0.00000   -0.00000    0.00000    0.00000
   0.03665    0.01051    0.00187    0.02260   -0.02315   -0.11509   -0.01020    0.01257    0.02007   -0.03704
  -0.03620   -0.01769   -0.00712    0.08950   -0.04586    0.09196    0.07303   -0.10360   -0.02239    0.11944
  -0.01385    0.04595   -0.02579    0.04096    0.15449   -0.02793    0.01569   -0.06818    0.11951    0.06934
  -0.00926    0.00295    0.00875    0.03230   -0.04396   -0.21386   -0.04443    0.05671    0.03142   -0.06568
  -0.17470   -0.06268   -0.05606    0.07299   -0.03655   -0.03395   -0.06474    0.03881   -0.00488   -0.00758
  -0.06836    0.11805    0.26191    0.05580    0.06296    0.03014   -0.01119    0.02923   -0.02626   -0.05666
   0.05618    0.00385   -0.02019    0.04492   -0.01833   -0.14296    0.00006   -0.01809    0.04251   -0.01893
  -0.06098   -0.04036    0.02452    0.11513   -0.05370    0.09793    0.02057   -0.11340   -0.05401    0.07616
  -0.02724    0.07497   -0.01769    0.04919    0.17146   -0.02327    0.01499   -0.05389    0.06832    0.07922
   0.04183   -0.05611   -0.12094    0.04816    0.08260   -0.25579   -0.05088   -0.08603    0.06518    0.07665
  -0.12193   -0.11216    0.15396    0.14167   -0.02132    0.06290   -0.07739   -0.06607    0.01703   -0.08951
  -0.05187    0.09784    0.17285    0.06038    0.12062    0.03031   -0.01151   -0.00707    0.01077   -0.02908
   0.09491   -0.02848   -0.10143    0.10694    0.06995   -0.17247   -0.03566   -0.11643   -0.05270    0.06423
  -0.09313   -0.09410    0.13694    0.16554   -0.03095    0.10748   -0.04875   -0.06057    0.00918   -0.08812
  -0.04549    0.11749    0.00090    0.04763    0.15160   -0.00789   -0.00682   -0.02658   -0.06793    0.08440
   0.07122   -0.01062   -0.05471    0.06938    0.00958   -0.16707   -0.00349   -0.06180    0.04452    0.01083
  -0.08216   -0.06589    0.06964    0.14417   -0.05030    0.10239   -0.03421   -0.10603   -0.06232   -0.00946
  -0.03825    0.09781    0.00433    0.04984    0.16939   -0.01485    0.00595   -0.03411    0.00502    0.08307
   0.11736    0.03169   -0.00268    0.15226   -0.04707   -0.05750    0.01982   -0.05053   -0.03815   -0.09352
  -0.14888   -0.06868   -0.00544    0.09303   -0.03483   -0.01273   -0.04859    0.02154    0.01978    0.00658
  -0.07226    0.18775   -0.03813    0.01790    0.04119   -0.01231    0.01071    0.06082   -0.11342    0.05179
   0.00422   -0.03604   -0.06339    0.03115   -0.00068   -0.17265   -0.03926    0.00868    0.07964   -0.01721
  -0.06291   -0.06021    0.07090    0.13025   -0.05381    0.08196   -0.03451   -0.13430   -0.08716    0.01709
  -0.02268    0.03768    0.11095    0.05868    0.14767    0.00958   -0.05836   -0.10727    0.02026    0.03309
  -0.02456    0.01720    0.03893    0.02900   -0.03168   -0.12009   -0.05302    0.05653   -0.01830   -0.07877
  -0.06620   -0.00349   -0.08045    0.09381   -0.04148    0.05040    0.09909   -0.05266    0.01907    0.12509
  -0.02150    0.03382    0.10310    0.05963    0.13021   -0.02269   -0.06155   -0.09257    0.04095    0.04585
   0.05293   -0.04717   -0.11151    0.05624    0.05368   -0.22941   -0.04367   -0.09563    0.08959    0.08346
  -0.07236   -0.08757    0.13699    0.16178   -0.05563    0.11500   -0.07754   -0.17015   -0.09785   -0.07425
  -0.03260    0.07249    0.05952    0.05049    0.16436   -0.00796   -0.02539   -0.06997    0.02464    0.08076
   0.05089    0.01954    0.00953    0.04633   -0.03290   -0.12791    0.00989   -0.01032    0.02555   -0.01587
  -0.05739   -0.02403   -0.01387    0.10787   -0.04781    0.09028    0.07013   -0.09548   -0.00745    0.10816
  -0.02495    0.07323   -0.03244    0.05466    0.17359   -0.03122    0.02458   -0.05317    0.09162    0.06033
   0.05456    0.05106    0.06863    0.06022   -0.10580   -0.13412    0.05385    0.00424    0.01346    0.02072
  -0.10207   -0.01450   -0.10627    0.11217   -0.05393    0.06973    0.08307   -0.00635    0.01340    0.00505
  -0.04483    0.11914   -0.01578    0.05780    0.15974   -0.02438    0.04031    0.01287    0.02687   -0.02089
   0.01121    0.05604    0.07140    0.05139   -0.03144   -0.11801   -0.00460    0.02890   -0.03478   -0.03610
  -0.02865    0.02617   -0.10966    0.09972   -0.01087    0.07216    0.26938   -0.08392    0.18889    0.18926
  -0.01034    0.04838   -0.03508    0.06035    0.13082   -0.04557    0.05163   -0.07011    0.16034    0.06458
   0.03415    0.03147    0.03762    0.03483   -0.03470   -0.11102    0.00820    0.01214    0.00696   -0.01702
  -0.03135    0.00067   -0.05290    0.08919   -0.02914    0.08099    0.15326   -0.08953    0.06734    0.15822
  -0.01258    0.05438   -0.04880    0.05787    0.15861   -0.04028    0.05154   -0.07065    0.16416    0.06023
   0.00000    0.00000    0.00000    0.00000   -0.00000   -0.00000   -0.00000    0.00000   -0.00000   -0.00000
  -0.00000    0.00000   -0.00000   -0.00000    0.00000    0.00000    0.00000    0.00000    0.00000    0.00000
   0.00000    0.00000   -0.00000    0.00000    0.00000   -0.00000    0.00000   -0.00000    0.00000    0.00000
   0.08245    0.01427   -0.01521    0.09110   -0.02902   -0.13363    0.01775   -0.05186    0.01924   -0.02857
  -0.11767   -0.06113    0.00995    0.12071   -0.04674    0.05183   -0.04454   -0.03766   -0.02814   -0.00368
  -0.05481    0.13810    0.00339    0.04146    0.12038   -0.01204    0.01693    0.02463   -0.05358    0.04852
   0.01763    0.04833    0.07675    0.04507   -0.12574   -0.16554    0.03938    0.03659    0.01986   -0.02101
  -0.18373   -0.03439   -0.15359    0.05959   -0.04788   -0.04441   -0.08202    0.07843   -0.05289   -0.00302
  -0.07616    0.15476    0.16883    0.03810    0.03306    0.00826    0.03017    0.07130   -0.05302    0.01329
  -0.02728   -0.02101   -0.02112    0.02008   -0.01454   -0.21678   -0.06952    0.06669    0.06745   -0.06704
  -0.11586   -0.05619   -0.00063    0.12482   -0.04849    0.05398   -0.01400   -0.05879   -0.03236    0.01882
  -0.04124    0.05798    0.22940    0.07498    0.14505    0.02008   -0.07844   -0.08221   -0.00540   -0.02879
   0.03062   -0.01472   -0.04685    0.01420   -0.01199   -0.14310   -0.01532    0.01206    0.06603   -0.01454
  -0.03546   -0.03328    0.05184    0.09327   -0.04330    0.09175    0.00437   -0.12652   -0.07421    0.05957
  -0.01562    0.03492    0.01547    0.04414    0.14123   -0.00955   -0.00809   -0.09120    0.08435    0.07258
   0.07747   -0.02119   -0.07712    0.10007    0.05050   -0.18209   -0.02232   -0.09460   -0.04940    0.00354
  -0.20611   -0.12430    0.08970    0.04677    0.00874   -0.11548   -0.06690    0.05517    0.10888   -0.01685
  -0.09253    0.18981    0.18716    0.00933   -0.05095    0.03316    0.04440    0.10861    0.02141   -0.06384
   0.16674   -0.02938   -0.14019    0.22618    0.12955   -0.07025   -0.06247   -0.14680   -0.24563    0.03165
  -0.15799   -0.14277    0.20276    0.11859    0.02678   -0.02516   -0.04240    0.09002    0.15919   -0.09903
  -0.08172    0.20932   -0.03225   -0.00555   -0.01126   -0.00517    0.00784    0.04051   -0.13262    0.09494
   0.14764    0.01502   -0.04952    0.20291    0.00519   -0.02341   -0.02134   -0.06528   -0.09194   -0.11359
  -0.21407   -0.11772    0.06140    0.01950    0.01078   -0.17210   -0.03374    0.01563    0.05395    0.05129
  -0.10408    0.24932    0.02483   -0.03153   -0.12499    0.00767    0.03210    0.07043   -0.02353    0.02167
  -0.01922   -0.01294   -0.01271    0.04015   -0.01578   -0.05746   -0.01378   -0.00763    0.01072   -0.00594
  -0.02317   -0.01782    0.00448    0.08283   -0.03856    0.03524    0.03350   -0.09416   -0.02716    0.07583
  -0.00265    0.00216    0.04253    0.02980    0.06635   -0.00607   -0.04035   -0.07213    0.01652    0.02652
   0.00000   -0.00000   -0.00000    0.00000   -0.00000   -0.00000    0.00000    0.00000   -0.00000   -0.00000
  -0.00000   -0.00000    0.00000    0.00000   -0.00000    0.00000    0.00000   -0.00000   -0.00000    0.00000
  -0.00000    0.00000    0.00000    0.00000    0.00000    0.00000   -0.00000   -0.00000    0.00000    0.00000
   0.04417    0.08266    0.12389    0.06439   -0.19607   -0.12103    0.09068    0.01594   -0.00631    0.10631
  -0.15336   -0.00261   -0.21116    0.07806   -0.05326    0.00117    0.00425    0.09432   -0.06268   -0.12517
  -0.06570    0.15892    0.03247    0.04461    0.07860   -0.00817    0.03892    0.07840   -0.06235   -0.04349
   0.16195    0.06019    0.02477    0.22869   -0.11984    0.07136    0.03088   -0.04980    0.09628   -0.27041
  -0.18932   -0.07284   -0.04488    0.04591   -0.03273   -0.10457   -0.12577    0.00729   -0.01503    0.05123
  -0.09523    0.25408   -0.10143   -0.02591   -0.09981   -0.00646   -0.09132    0.00990   -0.12725    0.10701
   0.02459    0.07773    0.11559    0.05214   -0.14732   -0.14236    0.03129    0.05515   -0.08334    0.03645
  -0.11125    0.01286   -0.19673    0.10709   -0.04386    0.05822    0.17635    0.05175    0.07324   -0.08041
  -0.04470    0.11573    0.01818    0.06505    0.14188   -0.02040    0.04279    0.00742    0.04497   -0.03717
   0.08407    0.09219    0.13661    0.09511   -0.21980   -0.07629    0.22716   -0.03916    0.07829    0.28219
  -0.11284    0.00709   -0.18813    0.11360   -0.04886    0.06439    0.16989    0.08548    0.03476   -0.23187
  -0.05274    0.15668   -0.11090    0.05960    0.16951   -0.01774    0.11748    0.14141   -0.04582   -0.44606
   0.05693    0.07565    0.11642    0.06023   -0.14723   -0.12829    0.11468    0.00812   -0.02433    0.17276
  -0.07261    0.01402   -0.14867    0.10806   -0.03375    0.07758    0.24486   -0.01099    0.14842    0.02421
  -0.03260    0.10588   -0.08001    0.06934    0.19214   -0.03432    0.15919    0.00561    0.26605   -0.14416
   0.08952    0.06360    0.07441    0.11192   -0.13727   -0.07125    0.11865   -0.02394    0.04174   -0.04016
  -0.14031   -0.02877   -0.11576    0.09134   -0.05065    0.01213   -0.01615    0.04073   -0.02173   -0.00836
  -0.06532    0.17273   -0.04354    0.03558    0.08492   -0.01484    0.03419    0.08592   -0.10270   -0.04624
   0.16374    0.02292   -0.04423    0.22718   -0.00146    0.00814   -0.02569   -0.05545   -0.12240   -0.10783
  -0.16780   -0.09910    0.06100    0.08589   -0.00512   -0.06053   -0.06035    0.07409    0.07398    0.02870
  -0.08585    0.22882   -0.08293   -0.01241   -0.03669   -0.01322   -0.01015    0.04460   -0.14994    0.10968
   0.20237    0.03597   -0.04602    0.35367   -0.01641    0.19773   -0.40524    0.55054    0.30668    0.27402
  -0.20892   -0.11559    0.06211    0.01810    0.02561   -0.22021    0.13068   -0.06171   -0.22300   -0.00874
  -0.10803    0.28905   -0.12203   -0.06855   -0.24885    0.01656   -0.44919   -0.43613    0.31745   -0.16326
   0.18633    0.00496   -0.09103    0.29228    0.07162    0.04933   -0.13854    0.07106   -0.35318   -0.00664
  -0.19301   -0.13231    0.13164    0.05881    0.04136   -0.14478    0.08848    0.13908    0.05901    0.04283
  -0.09927    0.25751   -0.06736   -0.04348   -0.14355    0.00575   -0.15163   -0.14521    0.03755   -0.00904
  -0.01103   -0.00790   -0.00673    0.02707   -0.01533   -0.02032    0.00045   -0.01373    0.00029    0.00734
  -0.00464   -0.00344   -0.00121    0.01371   -0.00712   -0.00113    0.00348   -0.01218   -0.00282    0.00950
   0.00210    0.00209    0.00746   -0.00207    0.01361    0.00305   -0.00717   -0.00806    0.00329    0.00228
   0.00000    0.00000   -0.00000   -0.00000   -0.00000   -0.00000    0.00000    0.00000   -0.00000   -0.00000
   0.00000    0.00000    0.00000   -0.00000    0.00000    0.00000   -0.00000    0.00000    0.00000   -0.00000
   0.00000    0.00000    0.00000   -0.00000    0.00000    0.00000   -0.00000   -0.00000   -0.00000    0.00000
  -0.00000   -0.00000   -0.00000    0.00000   -0.00000   -0.00000   -0.00000   -0.00000    0.00000    0.00000
   0.00000    0.00000    0.00000   -0.00000    0.00000    0.00000    0.00000    0.00000   -0.00000   -0.00000
  -0.00000   -0.00000    0.00000    0.00000    0.00000   -0.00000   -0.00000   -0.00000    0.00000    0.00000
  -0.00000    0.00000   -0.00000    0.00000    0.00000   -0.00000    0.00000   -0.00000    0.00000    0.00000
  -0.00000    0.00000   -0.00000    0.00000   -0.00000    0.00000    0.00000   -0.00000    0.00000    0.00000
   0.00000   -0.00000    0.00000    0.00000    0.00000   -0.00000   -0.00000   -0.00000   -0.00000    0.00000
