126 10
   0.01192   -0.61913    1.04614    0.48314   -1.38267   -1.79747   -0.00016    0.75347    0.41150   -0.31012
  -1.49276    0.05471   -1.94243    1.18670   -0.65649    0.44459   -0.96486    0.44650   -0.08470   -0.12229
  -0.58089   -1.22929    1.19397    0.77037    1.52465   -0.10542    0.22858   -0.08249    0.32288   -0.33886
  -0.25304   -0.31904    0.64895    0.30506   -0.97079   -2.19286    0.50701    1.02603    0.07312   -0.83999
  -1.66157    0.29384   -1.44170    1.12902   -0.65038    0.21902   -0.27625    0.35864    0.09637    0.06083
  -0.62035   -1.09485    2.31759    0.79198    1.36138    0.09777    0.61317   -0.29326    0.45557   -0.37238
   0.70351   -0.13047   -0.11111    0.66872   -0.28702   -1.70147   -0.01837   -0.26117   -0.35874   -0.28268
  -0.89349    0.48433    0.07525    1.45466   -0.62244    1.11072   -0.23518   -1.12646    0.52393    0.79180
  -0.39963   -1.06940   -0.14175    0.63169    2.04010   -0.26388   -0.15949   -0.45533   -0.46582    0.81679
   1.33767   -1.07506    1.31411    1.82686   -2.52372    0.17143   -2.02967   -0.08201   -1.68264   -2.00632
  -2.48127    0.43572   -2.13315    0.14244   -0.54859   -1.57522    1.79709    0.58856    1.54742    1.33830
  -1.16921   -2.91012   -0.29324   -0.23536   -1.18218   -0.09567   -0.01000    0.88476    1.29987    1.21681
   0.00001    0.00000   -0.00000    0.00000   -0.00002   -0.00005    0.00001    0.00002   -0.00001   -0.00002
   0.00000    0.00000    0.00000    0.00001   -0.00001    0.00001   -0.00001   -0.00001    0.00001    0.00001
  -0.00000   -0.00000   -0.00001   -0.00000    0.00001    0.00000   -0.00000   -0.00000   -0.00001    0.00001
   0.43359   -0.12433    0.02207    0.26739   -0.27396   -1.36179    0.12068    0.14876   -0.23745   -0.43823
  -0.42830    0.20936   -0.08425    1.05899   -0.54267    1.08809   -0.86406   -1.22582    0.26491    1.41321
  -0.16394   -0.54374   -0.30513    0.48467    1.82793   -0.33045   -0.18559   -0.80673   -1.41410    0.82039
  -0.10962   -0.03485    0.10349    0.38223   -0.52021   -2.53040    0.52574    0.67105   -0.37177   -0.77712
  -2.06712    0.74167   -0.66331    0.86367   -0.43242   -0.40170    0.76600    0.45925    0.05778   -0.08965
  -0.80882   -1.39678    3.09900    0.66023    0.74491    0.35662    0.13236    0.34580    0.31067   -0.67047
   0.66469   -0.04553   -0.23895    0.53151   -0.21689   -1.69156   -0.00070   -0.21403   -0.50298   -0.22404
  -0.72153    0.47754    0.29017    1.36218   -0.63541    1.15867   -0.24340   -1.34172    0.63910    0.90118
  -0.32235   -0.88707   -0.20936    0.58200    2.02877   -0.27530   -0.17737   -0.63758   -0.80836    0.93729
   0.49495    0.66385   -1.43093    0.56985    0.97731   -3.02650    0.60202   -1.01787   -0.77122    0.90697
  -1.44267    1.32708    1.82164    1.67621   -0.25224    0.74424    0.91569   -0.78176   -0.20155   -1.05914
  -0.61376   -1.15771    2.04516    0.71446    1.42720    0.35861    0.13618   -0.08371   -0.12738   -0.34403
   1.12302    0.33693   -1.20012    1.26534    0.82767   -2.04066    0.42195   -1.37757    0.62356    0.76000
  -1.10196    1.11335    1.62027    1.95869   -0.36621    1.27166    0.57686   -0.71666   -0.10863   -1.04262
  -0.53824   -1.39016    0.01065    0.56355    1.79373   -0.09333    0.08070   -0.31449    0.80374    0.99861
   0.84263    0.12566   -0.64729    0.82090    0.11337   -1.97683    0.04130   -0.73118   -0.52675    0.12814
  -0.97210    0.77959    0.82404    1.70588   -0.59519    1.21155    0.40484   -1.25453    0.73742   -0.11195
  -0.45254   -1.15730    0.05128    0.58975    2.00424   -0.17574   -0.07043   -0.40362   -0.05941    0.98285
   1.38862   -0.37495   -0.03173    1.80162   -0.55692   -0.68035   -0.23457   -0.59791    0.45135   -1.10655
  -1.76155    0.81269   -0.06431    1.10080   -0.41211   -0.15063    0.57489    0.25487   -0.23406    0.07784
  -0.85500   -2.22146   -0.45117    0.21176    0.48740   -0.14566   -0.12671    0.71967    1.34195    0.61278
   0.04994    0.42646   -0.75008    0.36860   -0.00804   -2.04287    0.46448    0.10276   -0.94235   -0.20360
  -0.74437    0.71240    0.83892    1.54114   -0.63663    0.96977    0.40835   -1.58909    1.03127    0.20221
  -0.26838   -0.44584    1.31281    0.69427    1.74725    0.11336    0.69049   -1.26925   -0.23970    0.39155
  -0.29062   -0.20354    0.46061    0.34314   -0.37481   -1.42092    0.62739    0.66893    0.21647   -0.93205
  -0.78324    0.04124   -0.95195    1.11000   -0.49076    0.59634   -1.17241   -0.62310   -0.22560    1.48010
  -0.25440   -0.40015    1.21990    0.70556    1.54072   -0.26844    0.72833   -1.09535   -0.48448    0.54247
   0.62625    0.55809   -1.31941    0.66542    0.63510   -2.71444    0.51667   -1.13152   -1.06004    0.98749
  -0.85614    1.03618    1.62093    1.91423   -0.65824    1.36068    0.91746   -2.01322    1.15781   -0.87849
  -0.38579   -0.85774    0.70420    0.59744    1.94471   -0.09423    0.30047   -0.82786   -0.29152    0.95554
   0.60214   -0.23123    0.11275    0.54817   -0.38926   -1.51341   -0.11697   -0.12213   -0.30226   -0.18782
  -0.67903    0.28430   -0.16416    1.27631   -0.56574    1.06827   -0.82982   -1.12972    0.08819    1.27980
  -0.29524   -0.86652   -0.38385    0.64680    2.05394   -0.36935   -0.29088   -0.62912   -1.08405    0.71386
   0.64560   -0.60419    0.81209    0.71257   -1.25189   -1.58695   -0.63720    0.05017   -0.15921    0.24514
  -1.20773    0.17155   -1.25739    1.32716   -0.63812    0.82502   -0.98294   -0.07510   -0.15851    0.05976
  -0.53043   -1.40972   -0.18674    0.68385    1.89012   -0.28850   -0.47694    0.15231   -0.31788   -0.24719
   0.13264   -0.66312    0.84483    0.60806   -0.37205   -1.39635    0.05443    0.34192    0.41152   -0.42712
  -0.33900   -0.30962   -1.29752    1.17990   -0.12859    0.85378   -3.18734   -0.99290   -2.23495    2.23937
  -0.12234   -0.57249   -0.41502    0.71405    1.54793   -0.53914   -0.61087   -0.82960   -1.89712    0.76412
   0.40409   -0.37232    0.44508    0.41212   -0.41062   -1.31366   -0.09703    0.14365   -0.08236   -0.20142
  -0.37089   -0.00791   -0.62591    1.05526   -0.34476    0.95833   -1.81337   -1.05931   -0.79684    1.87212
  -0.14884   -0.64347   -0.57745    0.68477    1.87665   -0.47662   -0.60988   -0.83597   -1.94241    0.71267
   0.00001   -0.00001    0.00002    0.00001   -0.00001   -0.00003    0.00001    0.00001    0.00001   -0.00001
  -0.00000   -0.00000   -0.00001   -0.00000    0.00001    0.00001   -0.00001    0.00000   -0.00001    0.00001
   0.00000   -0.00000   -0.00002    0.00001    0.00001   -0.00000   -0.00001   -0.00001   -0.00003    0.00001
   0.97551   -0.16880   -0.17993    1.07788   -0.34339   -1.58114   -0.21000   -0.61366   -0.22769   -0.33800
  -1.39229    0.72332    0.11773    1.42822   -0.55308    0.61325    0.52699   -0.44560    0.33296   -0.04358
  -0.64849   -1.63397    0.04006    0.49056    1.42438   -0.14243   -0.20026    0.29147    0.63400    0.57407
   0.20856   -0.57181    0.90811    0.53332   -1.48779   -1.95865   -0.46593    0.43294   -0.23499   -0.24863
  -2.17387    0.40692   -1.81733    0.70511   -0.56656   -0.52547    0.97048    0.92800    0.62575   -0.03568
  -0.90118   -1.83109    1.99767    0.45086    0.39115    0.09777   -0.35703    0.84361    0.62735    0.15727
  -0.32272    0.24859   -0.24986    0.23762   -0.17205   -2.56499    0.82261    0.78912   -0.79809   -0.79318
  -1.37087    0.66483   -0.00745    1.47691   -0.57377    0.63868    0.16569   -0.69562    0.38284    0.22267
  -0.48803   -0.68601    2.71431    0.88716    1.71628    0.23760    0.92817   -0.97266    0.06388   -0.34067
   0.36229    0.17417   -0.55438    0.16805   -0.14191   -1.69322    0.18122    0.14268   -0.78133   -0.17205
  -0.41951    0.39375    0.61338    1.10357   -0.51231    1.08556   -0.05172   -1.49702    0.87803    0.70479
  -0.18477   -0.41318    0.18306    0.52222    1.67104   -0.11296    0.09576   -1.07908   -0.99798    0.85879
   0.91664    0.25074   -0.91248    1.18400    0.59747   -2.15447    0.26411   -1.11934    0.58447    0.04191
  -2.43866    1.47076    1.06135    0.55340    0.10336   -1.36638    0.79155    0.65278   -1.28823   -0.19941
  -1.09487   -2.24582    2.21449    0.11036   -0.60284    0.39240   -0.52536    1.28511   -0.25334   -0.75535
   1.97295    0.34757   -1.65869    2.67623    1.53283   -0.83118    0.73915   -1.73698    2.90633    0.37450
  -1.86936    1.68932    2.39904    1.40314    0.31687   -0.29774    0.50173    1.06513   -1.88359   -1.17169
  -0.96694   -2.47673   -0.38163   -0.06567   -0.13325   -0.06112   -0.09271    0.47931    1.56916    1.12332
   1.74695   -0.17776   -0.58590    2.40090    0.06146   -0.27704    0.25254   -0.77236    1.08785   -1.34397
  -2.53286    1.39290    0.72654    0.23070    0.12758   -2.03629    0.39925    0.18489   -0.63835    0.60684
  -1.23147   -2.94994    0.29374   -0.37308   -1.47895    0.09071   -0.37977    0.83332    0.27844    0.25643
  -0.22738    0.15314   -0.15036    0.47507   -0.18673   -0.67984    0.16310   -0.09026   -0.12680   -0.07031
  -0.27418    0.21083    0.05302    0.98007   -0.45630    0.41699   -0.39642   -1.11413    0.32131    0.89721
  -0.03134   -0.02560    0.50319    0.35263    0.78506   -0.07180    0.47738   -0.85347   -0.19541    0.31382
   0.00000    0.00001   -0.00001    0.00001   -0.00002   -0.00002   -0.00000    0.00000    0.00000   -0.00000
  -0.00000    0.00001    0.00000    0.00001   -0.00001    0.00000   -0.00000   -0.00001    0.00001    0.00000
  -0.00000   -0.00000    0.00001    0.00000    0.00003    0.00001    0.00001   -0.00002   -0.00001    0.00001
   0.52264   -0.97803    1.46583    0.76182   -2.31992   -1.43199   -1.07299    0.18865    0.07462    1.25783
  -1.81452    0.03086   -2.49845    0.92365   -0.63022    0.01380   -0.05033    1.11597    0.74158   -1.48102
  -0.77739   -1.88033    0.38418    0.52788    0.93005   -0.09671   -0.46053    0.92759    0.73776   -0.51453
   1.91627   -0.71215    0.29309    2.70587   -1.41800    0.84439   -0.36540   -0.58922   -1.13922   -3.19948
  -2.24002    0.86190   -0.53101    0.54321   -0.38732   -1.23733    1.48811    0.08624    0.17788    0.60619
  -1.12687   -3.00627   -1.20011   -0.30654   -1.18100   -0.07642    1.08050    0.11717    1.50563    1.26611
   0.29095   -0.91977    1.36768    0.61691   -1.74316   -1.68440   -0.37023    0.65260    0.98609    0.43127
  -1.31631   -0.15221   -2.32776    1.26706   -0.51899    0.68886   -2.08654    0.61228   -0.86660   -0.95147
  -0.52895   -1.36931    0.21510    0.76972    1.67874   -0.24137   -0.50625    0.08783   -0.53208   -0.43979
   0.99474   -1.09076    1.61636    1.12541   -2.60066   -0.90271   -2.68775   -0.46331   -0.92639    3.33892
  -1.33515   -0.08394   -2.22596    1.34419   -0.57808    0.76186   -2.01022    1.01146   -0.41129   -2.74357
  -0.62404   -1.85382   -1.31225    0.70516    2.00570   -0.20994   -1.39002    1.67322    0.54210   -5.27787
   0.67360   -0.89505    1.37753    0.71267   -1.74206   -1.51798   -1.35688    0.09613    0.28783    2.04410
  -0.85913   -0.16592   -1.75905    1.27855   -0.39934    0.91790   -2.89718   -0.13004   -1.75618    0.28645
  -0.38580   -1.25273   -0.94666    0.82047    2.27341   -0.40609   -1.88359    0.06634   -3.14792   -1.70570
   1.05924   -0.75251    0.88042    1.32428   -1.62419   -0.84304   -1.40393   -0.28327   -0.49382   -0.47522
  -1.66013    0.34044   -1.36973    1.08080   -0.59931    0.14351    0.19111    0.48197    0.25712   -0.09891
  -0.77287   -2.04371   -0.51521    0.42100    1.00481   -0.17556   -0.40456    1.01664    1.21514   -0.54717
   1.93741   -0.27115   -0.52336    2.68803   -0.01728    0.09627    0.30395   -0.65608    1.44823   -1.27587
  -1.98547    1.17254    0.72171    1.01632   -0.06055   -0.71616    0.71407    0.87661   -0.87530    0.33962
  -1.01579   -2.70748   -0.98128   -0.14683   -0.43415   -0.15638    0.12004    0.52774    1.77415    1.29779
   2.39452   -0.42563   -0.54448    4.18471   -0.19412    2.33954    4.79483    6.51402   -3.62871    3.24230
  -2.47191    1.36762    0.73487    0.21413    0.30296   -2.60558   -1.54617   -0.73021    2.63859   -0.10337
  -1.27826   -3.42005   -1.44388   -0.81110   -2.94440    0.19597    5.31493   -5.16033   -3.75610   -1.93172
   2.20469   -0.05867   -1.07702    3.45831    0.84748    0.58366    1.63922    0.84080    4.17894   -0.07858
  -2.28375    1.56549    1.55754    0.69585    0.48934   -1.71310   -1.04687    1.64559   -0.69826    0.50672
  -1.17462   -3.04693   -0.79707   -0.51448   -1.69855    0.06802    1.79407   -1.71815   -0.44428   -0.10691
  -0.13052    0.09350   -0.07968    0.32026   -0.18142   -0.24049   -0.00528   -0.16246   -0.00348    0.08682
  -0.05494    0.04074   -0.01428    0.16226   -0.08425   -0.01336   -0.04116   -0.14415    0.03340    0.11240
   0.02480   -0.02473    0.08830   -0.02445    0.16100    0.03606    0.08478   -0.09537   -0.03890    0.02696
   0.00000   -0.00000   -0.00000   -0.00000   -0.00000   -0.00000   -0.00000    0.00000    0.00000   -0.00000
   0.00000   -0.00000    0.00000   -0.00000    0.00000    0.00000    0.00000    0.00000   -0.00000   -0.00000
   0.00000   -0.00000    0.00000   -0.00000    0.00000    0.00000    0.00000   -0.00000    0.00000    0.00000
  -0.00000    0.00000   -0.00000    0.00000   -0.00000   -0.00000    0.00000   -0.00000   -0.00000    0.00000
   0.00000   -0.00000    0.00000   -0.00000    0.00000    0.00000   -0.00000    0.00000    0.00000   -0.00000
  -0.00000    0.00000    0.00000    0.00000    0.00000   -0.00000    0.00000   -0.00000   -0.00000    0.00000
  -0.00002   -0.00000   -0.00000    0.00003    0.00000   -0.00003   -0.00000   -0.00001   -0.00002    0.00001
  -0.00000   -0.00000   -0.00001    0.00004   -0.00002    0.00000   -0.00003   -0.00003   -0.00000    0.00004
   0.00000    0.00000    0.00002    0.00001    0.00002   -0.00002    0.00003   -0.00003    0.00000    0.00001
