240 10
   0.02293    0.03199    0.04633   -0.02514    0.00246   -0.13928    0.05886   -0.03284   -0.03128   -0.01342
  -0.07298    0.04274   -0.09952   -0.09689   -0.05976    0.03734   -0.05948   -0.01672    0.00167    0.01135
   0.02367    0.07465    0.05842   -0.02769    0.09496    0.02990   -0.01821    0.00875    0.01154    0.02715
  -0.00389    0.02627    0.02849   -0.01985    0.02580   -0.13847    0.04737   -0.07244    0.01469   -0.02037
  -0.08858    0.04035   -0.06754   -0.08425   -0.04721    0.01291   -0.04619   -0.01685    0.00508    0.05535
   0.02223    0.07304    0.12330   -0.02109    0.09773    0.03097    0.01501    0.02423    0.00406    0.01273
   0.03254   -0.02076   -0.01015   -0.03507    0.03903   -0.08945    0.00225   -0.01002    0.00441   -0.02300
  -0.04778    0.00574    0.01399   -0.08819   -0.04250    0.04752    0.00398    0.08568   -0.05814    0.02441
   0.01816    0.05690   -0.01693   -0.02299    0.11197    0.04821   -0.08411   -0.00130    0.04468    0.06293
   0.11314   -0.00249    0.07037   -0.14104   -0.14735   -0.07283   -0.10704    0.00509    0.04628    0.00526
  -0.14223    0.06902   -0.11797   -0.01421    0.02492   -0.08748    0.12907    0.01957   -0.06328   -0.02963
   0.04894    0.17866   -0.05402    0.00027   -0.04834   -0.04518    0.05255    0.01931   -0.06594   -0.03080
  -0.00000    0.00000   -0.00000   -0.00000   -0.00000   -0.00000    0.00000   -0.00000    0.00000    0.00000
   0.00000   -0.00000    0.00000    0.00000    0.00000    0.00000   -0.00000    0.00000   -0.00000   -0.00000
   0.00000   -0.00000    0.00000    0.00000    0.00000    0.00000    0.00000    0.00000   -0.00000   -0.00000
   0.01489   -0.00638   -0.00163   -0.00626    0.02391   -0.05549    0.00574   -0.02332    0.01516   -0.01225
  -0.01784    0.00175    0.00252   -0.04838   -0.02743    0.03257   -0.01767    0.06792   -0.04719    0.02849
   0.00765    0.02148   -0.01023   -0.01949    0.07518    0.03061   -0.06563    0.00185    0.05062    0.03290
  -0.01153    0.00699    0.00269   -0.01829    0.04842   -0.15016    0.01705   -0.07710    0.04514   -0.00985
  -0.12257    0.03840   -0.02078   -0.06149   -0.01525   -0.02001    0.00665   -0.03166    0.02418    0.05492
   0.02823    0.09708    0.16510   -0.01562    0.06023    0.02524    0.02193   -0.00025   -0.01006   -0.00320
   0.02615   -0.02395   -0.01727   -0.02879    0.03907   -0.08446   -0.00201   -0.01347    0.01074   -0.01566
  -0.03760    0.00033    0.02558   -0.08313   -0.04201    0.04794    0.01723    0.10070   -0.07125    0.00677
   0.01390    0.04561   -0.01810   -0.01664    0.10663    0.04579   -0.08399    0.00397    0.04897    0.06778
  -0.01566   -0.05621   -0.07828   -0.04009    0.13274   -0.11658   -0.06038   -0.01893    0.08747    0.05475
  -0.09913   -0.00993    0.13061   -0.09956   -0.00351    0.04445    0.07917    0.05269    0.00295   -0.07775
   0.02319    0.07540    0.10405   -0.02095    0.09064    0.05466   -0.00175    0.02234    0.01030   -0.00620
   0.03119   -0.06458   -0.07023   -0.07385    0.11896   -0.07149   -0.02441    0.05772   -0.01148    0.01800
  -0.07425   -0.01259    0.11139   -0.10788   -0.01776    0.06162    0.08289    0.08201   -0.04448   -0.07266
   0.02405    0.07876   -0.01337   -0.01575    0.10597    0.04394   -0.06909    0.02494   -0.00066    0.09868
   0.02644   -0.04058   -0.04044   -0.04353    0.07003   -0.09435   -0.02022   -0.00100    0.02074   -0.00179
  -0.05939   -0.00353    0.06179   -0.09794   -0.03183    0.05444    0.05399    0.09978   -0.06207   -0.02137
   0.02012    0.06358   -0.00631   -0.02129    0.11431    0.05300   -0.07363    0.01458    0.02563    0.07169
   0.08064   -0.04055   -0.00658   -0.12464    0.00926   -0.03238    0.01818    0.00720   -0.01769   -0.06830
  -0.10610    0.02335    0.01468   -0.07781   -0.01839    0.00346    0.01516   -0.02794    0.02540    0.05544
   0.03818    0.13112   -0.05613   -0.01694    0.04678    0.01947    0.01595   -0.01946   -0.06693    0.03799
  -0.02559   -0.02384   -0.04001   -0.02620    0.04039   -0.09417   -0.01905   -0.06175    0.06983    0.01618
  -0.04498   -0.00797    0.05773   -0.08610   -0.01367    0.03474    0.05728    0.12089   -0.07386   -0.02788
   0.01012    0.02675    0.07541   -0.02013    0.09815    0.05526    0.01129    0.06088    0.01941   -0.01277
  -0.00558    0.01489    0.01173   -0.02985    0.02375   -0.06585    0.01808   -0.03193    0.01489   -0.01104
  -0.03327    0.01597   -0.03280   -0.07439   -0.04078    0.02446   -0.06170    0.04149   -0.02961    0.04749
   0.01035    0.02520    0.05011   -0.01928    0.09526    0.02363   -0.00254    0.03115    0.03181    0.00857
  -0.00415   -0.05508   -0.06999   -0.04275    0.09487   -0.10239   -0.04537   -0.01715    0.06397    0.03018
  -0.05806   -0.01839    0.11021   -0.10850   -0.01501    0.06252    0.10629    0.14425   -0.08645   -0.08619
   0.01578    0.04921    0.03661   -0.01609    0.10269    0.05475   -0.03675    0.03508    0.02285    0.03687
   0.03020   -0.00916    0.00357   -0.01838    0.03327   -0.08853    0.01678   -0.02040    0.00368   -0.02205
  -0.03207    0.00688   -0.00336   -0.07107   -0.04318    0.04653   -0.03457    0.07602   -0.04905    0.04008
   0.01326    0.04111   -0.01882   -0.02545    0.10177    0.04338   -0.09845   -0.00639    0.06606    0.05341
   0.05380    0.00491    0.04037   -0.04267   -0.00696   -0.11815    0.00829    0.00209   -0.02366   -0.00859
  -0.05843    0.02690   -0.06044   -0.09719   -0.05846    0.04809   -0.06510    0.02676   -0.00669    0.03953
   0.02500    0.07691   -0.02734   -0.03858    0.10023    0.05304   -0.07464   -0.03845    0.04781   -0.01501
   0.03423    0.02398    0.03900   -0.02225    0.04262   -0.09605    0.03440   -0.02742    0.00021   -0.02062
  -0.00936    0.01848   -0.04649   -0.06244   -0.03590    0.04604   -0.13244    0.03989   -0.00862    0.06375
   0.00745    0.02278   -0.01748   -0.03290    0.06544    0.02072   -0.09029   -0.00691    0.06430    0.02770
   0.02787    0.00954    0.02979   -0.01172    0.02755   -0.08123    0.02966   -0.02153   -0.00016   -0.01687
  -0.01116    0.00969   -0.03008   -0.04589   -0.03485    0.03528   -0.08481    0.04082   -0.01882    0.05298
   0.00830    0.02282   -0.02144   -0.02853    0.07618    0.02764   -0.09247   -0.01203    0.07240    0.02394
   0.00000    0.00000    0.00000   -0.00000    0.00000   -0.00000    0.00000   -0.00000   -0.00000   -0.00000
   0.00000    0.00000   -0.00000   -0.00000    0.00000   -0.00000   -0.00000   -0.00000    0.00000   -0.00000
  -0.00000   -0.00000   -0.00000   -0.00000   -0.00000    0.00000   -0.00000    0.00000   -0.00000    0.00000
   0.04894   -0.03203   -0.01633   -0.06800    0.04296   -0.08159    0.00009    0.01598   -0.01457   -0.03830
  -0.08246    0.01354    0.02459   -0.08980   -0.03324    0.02913    0.01840    0.02938   -0.01297    0.03565
   0.02861    0.09473   -0.01656   -0.01934    0.08767    0.03854   -0.04875   -0.00911   -0.01239    0.05944
   0.02987    0.02188    0.04310   -0.02775   -0.00773   -0.15973    0.02336   -0.01876   -0.02672   -0.00617
  -0.12244    0.05686   -0.09414   -0.05157   -0.01565   -0.02958    0.03388   -0.03156   -0.00058    0.02535
   0.03406    0.11952    0.09675   -0.00940    0.03321   -0.00201   -0.01600   -0.00969   -0.02792    0.05412
  -0.03363   -0.00061   -0.01353   -0.02671    0.05050   -0.12020    0.00497   -0.09163    0.08068    0.00287
  -0.08023    0.01475    0.01609   -0.09239   -0.02591    0.02293    0.01065    0.05185   -0.02585    0.02462
   0.01666    0.05058    0.14513   -0.02641    0.12079    0.05618    0.05090    0.06951    0.00524   -0.03566
  -0.00027   -0.02558   -0.03133   -0.01665    0.02227   -0.07719   -0.00883   -0.03906    0.03492    0.00019
  -0.02075   -0.00923    0.04389   -0.06919   -0.02362    0.03831    0.04729    0.12393   -0.08662   -0.02416
   0.00637    0.01995    0.00733   -0.01226    0.08701    0.04736   -0.04507    0.02902    0.04269    0.03127
   0.02608   -0.05218   -0.05567   -0.07574    0.11048   -0.08117   -0.00194    0.04198   -0.00880   -0.01291
  -0.16154    0.02334    0.08822   -0.02359    0.02913   -0.06830   -0.02632   -0.07456    0.09441    0.04167
   0.04124    0.14798    0.10645   -0.00284   -0.03256   -0.00734   -0.00671   -0.08118    0.00009   -0.00547
   0.07375   -0.10251   -0.10102   -0.15723    0.16892    0.03609    0.05604    0.20111   -0.17927    0.01132
  -0.13218   -0.00807    0.17141   -0.06910    0.01427    0.00357   -0.00783   -0.08338    0.13245   -0.08182
   0.04220    0.14870   -0.05487   -0.00113    0.01348   -0.00951    0.00326    0.02405   -0.09894    0.12230
   0.08920   -0.06700   -0.03863   -0.16441    0.05148    0.03132    0.08405   -0.00196   -0.06904   -0.04904
  -0.16565    0.03074    0.06536   -0.00142    0.05097   -0.10840   -0.08563   -0.01182   -0.01868    0.00019
   0.05024    0.18384   -0.01808    0.00936   -0.07433   -0.05674   -0.01393    0.01228   -0.01878    0.01646
   0.06343   -0.01657    0.01635   -0.09178   -0.00884   -0.08743   -0.00554   -0.00196   -0.00629   -0.06555
  -0.15729    0.05358   -0.03622   -0.00415    0.03304   -0.10055    0.01754    0.00480   -0.00139    0.07516
   0.04512    0.16461    0.05269    0.00376   -0.04688   -0.04024   -0.03025   -0.03579   -0.03507    0.03052
   0.07931    0.02562    0.07786   -0.06409   -0.08592   -0.15135   -0.01227    0.04471   -0.06098    0.05204
  -0.09731    0.06072   -0.14175   -0.07716   -0.03985    0.01237    0.04130   -0.04910    0.00642   -0.08379
   0.03635    0.12442   -0.02318   -0.02536    0.04633    0.02066    0.00076   -0.04535   -0.01777   -0.03696
  -0.01597    0.00216   -0.00160   -0.03395    0.00623   -0.02865   -0.00016   -0.00074    0.00458    0.00448
  -0.00875    0.00040   -0.00176   -0.02938   -0.00952   -0.00288   -0.00670    0.02478   -0.01951    0.00596
   0.00080    0.00023    0.01857   -0.00489    0.04058    0.00969    0.00721    0.02039    0.01754   -0.00226
   0.02078   -0.08362   -0.10083   -0.08233    0.17620   -0.06183   -0.03373    0.10931   -0.02568    0.04661
  -0.13090   -0.00858    0.16954   -0.07110    0.01308    0.00844    0.02148   -0.04391    0.09854   -0.07757
   0.03472    0.12019    0.05711   -0.01040    0.02756    0.02060   -0.01051   -0.02778   -0.00614    0.02322
   0.12399   -0.04793    0.01570   -0.19928   -0.07800    0.05205    0.00889   -0.08679    0.12201   -0.09095
  -0.13650    0.04053   -0.01340   -0.03347    0.01736   -0.06500    0.03698    0.01703    0.03013    0.06294
   0.04951    0.17871   -0.10856   -0.00167   -0.03311   -0.03274    0.10475    0.05419   -0.03738   -0.01478
  -0.01432   -0.03316   -0.04956   -0.03209    0.10292   -0.13218   -0.03040   -0.04261    0.07461    0.01974
  -0.13564    0.01703    0.07649   -0.05969    0.00837   -0.01867    0.02781   -0.02781    0.05131    0.02034
   0.03069    0.10618    0.16095   -0.01514    0.03809    0.03241    0.02227   -0.02316   -0.00417   -0.03537
  -0.00000    0.00000    0.00000   -0.00000    0.00000   -0.00000    0.00000   -0.00000    0.00000    0.00000
  -0.00000    0.00000   -0.00000   -0.00000   -0.00000   -0.00000   -0.00000    0.00000   -0.00000    0.00000
  -0.00000    0.00000    0.00000   -0.00000    0.00000   -0.00000    0.00000    0.00000    0.00000   -0.00000
  -0.00000   -0.00000   -0.00000   -0.00000   -0.00000   -0.00000    0.00000   -0.00000    0.00000    0.00000
  -0.00000   -0.00000    0.00000   -0.00000    0.00000   -0.00000    0.00000    0.00000    0.00000   -0.00000
   0.00000   -0.00000    0.00000    0.00000    0.00000    0.00000    0.00000    0.00000   -0.00000   -0.00000
   0.04301    0.03513    0.05550   -0.02972    0.00540   -0.12317    0.05683   -0.01157   -0.04503   -0.00853
  -0.03783    0.03480   -0.10379   -0.10460   -0.07211    0.06945   -0.14362   -0.00004    0.01120    0.00197
   0.01913    0.05242   -0.00709   -0.03943    0.09780    0.03677   -0.08508   -0.01636    0.06684    0.01268
   0.08458    0.02978    0.08450   -0.05677   -0.07773   -0.15145    0.00002    0.04668   -0.08498    0.06424
  -0.05246    0.04530   -0.13434   -0.12186   -0.08270    0.08137   -0.10859   -0.05570    0.04043   -0.11551
   0.02856    0.08794   -0.07326   -0.05957    0.08849    0.07941   -0.07788   -0.10928    0.08291   -0.18304
   0.01920   -0.01300   -0.00581   -0.04607    0.04769   -0.12787   -0.00137   -0.02351    0.01842   -0.02771
  -0.15154    0.04314   -0.00211   -0.02565    0.01524   -0.06869   -0.00028   -0.04273    0.04170    0.08017
   0.03813    0.13666    0.13245   -0.00535   -0.00970   -0.00430   -0.01250   -0.06183   -0.00972    0.00318
   0.10190   -0.01280    0.04948   -0.13126   -0.09473   -0.06110   -0.06752   -0.00397    0.03854   -0.03942
  -0.10329    0.04455   -0.07238   -0.07427   -0.02991   -0.00371    0.02884   -0.01546    0.02251    0.01293
   0.04047    0.14049   -0.08250   -0.02182    0.03601    0.02217    0.05916   -0.04132   -0.03712   -0.09239
   0.06265   -0.06967   -0.06044   -0.12056    0.10249   -0.01927    0.02907    0.08007   -0.07893   -0.02369
  -0.10352    0.00014    0.10025   -0.09230   -0.00774    0.02995    0.03860   -0.01761    0.01188   -0.01896
   0.03491    0.11968   -0.04472   -0.00924    0.06426    0.01603   -0.02563    0.03092   -0.07065    0.10896
   0.11864    0.01276    0.09465   -0.12420   -0.18021   -0.11334   -0.15334    0.07539    0.00909    0.14559
  -0.07882    0.05471   -0.14165   -0.10193   -0.06717    0.04215   -0.00210   -0.07297    0.02490   -0.18345
   0.03830    0.12928   -0.12775   -0.04388    0.06908    0.07165    0.08192   -0.16353   -0.00283   -0.43297
   0.09834   -0.07837   -0.04938   -0.18372    0.06211    0.06439    0.11505   -0.01567   -0.08992   -0.01840
  -0.12693    0.01121    0.08900   -0.06416    0.01006   -0.01452   -0.02143   -0.08483    0.00503    0.03127
   0.04446    0.15706   -0.09037   -0.00470    0.00789   -0.01112    0.05292    0.02296   -0.08665    0.08856
   0.13383   -0.08637   -0.03689   -0.27298    0.00100    0.20837    0.46295   -0.47614   -0.00085    0.45383
  -0.15694    0.02596    0.07394   -0.00972    0.05871   -0.11225   -0.26776   -0.06949   -0.32436   -0.18334
   0.05488    0.20011   -0.13122    0.01166   -0.10069   -0.07427    0.28562    0.46380    0.62575   -0.00018
  -0.02890    0.00377   -0.00268   -0.03821    0.01963   -0.06987    0.00809   -0.04299    0.03601    0.00064
  -0.04231    0.00612    0.00258   -0.08198   -0.02394    0.01772   -0.00825    0.07420   -0.04641    0.02683
   0.00851    0.01890    0.08268   -0.02481    0.11541    0.04640    0.02728    0.07549    0.02285   -0.01789
   0.07181    0.01331    0.05901   -0.07313   -0.06733   -0.13620   -0.01850    0.02366   -0.03618    0.00225
  -0.13622    0.06656   -0.11446   -0.02839    0.00781   -0.06126    0.08550   -0.01850   -0.02371   -0.01177
   0.04234    0.15265    0.02772   -0.00332   -0.01405   -0.02870   -0.00742   -0.01338   -0.05023    0.04113
   0.05720   -0.07953   -0.07668   -0.12440    0.13171   -0.01366    0.02956    0.11231   -0.08039   -0.02104
  -0.15783    0.01188    0.12815   -0.02931    0.03165   -0.05610   -0.04544   -0.08546    0.10154   -0.00108
   0.04492    0.16098    0.02469   -0.00036   -0.03995   -0.01806    0.00025   -0.05957   -0.01683    0.03298
   0.04307   -0.09456   -0.10425   -0.10976    0.17463   -0.02585   -0.01518    0.14272   -0.07241    0.04404
  -0.10029   -0.02080    0.17581   -0.10535   -0.00098    0.05750    0.07437    0.00478    0.03799   -0.12563
   0.03139    0.10693   -0.02896   -0.00851    0.07766    0.02375   -0.04117    0.03993   -0.04966    0.11811
  -0.00000    0.00000    0.00000   -0.00000    0.00000   -0.00000    0.00000   -0.00000    0.00000    0.00000
   0.00000   -0.00000   -0.00000    0.00000   -0.00000    0.00000   -0.00000    0.00000   -0.00000   -0.00000
  -0.00000    0.00000    0.00000   -0.00000    0.00000   -0.00000    0.00000    0.00000    0.00000   -0.00000
   0.06060    0.02053    0.06504   -0.02027    0.00261   -0.13199    0.02850    0.00863   -0.05211    0.02656
  -0.02133    0.02413   -0.07546   -0.08152   -0.05487    0.06274   -0.15339    0.01889    0.00671    0.02866
   0.01385    0.04415   -0.05098   -0.05007    0.09687    0.05900   -0.16129   -0.05222    0.12502   -0.02583
  -0.03054   -0.02589   -0.04587   -0.02534    0.08752   -0.13349   -0.03032   -0.08082    0.10406    0.02654
  -0.10330    0.00706    0.07194   -0.08407   -0.00566    0.01698    0.04331    0.04062    0.00009   -0.00257
   0.02199    0.07110    0.15484   -0.02496    0.08933    0.05656    0.03873    0.03568    0.00144   -0.04511
   0.10156   -0.02826    0.02757   -0.15077   -0.06971   -0.02421   -0.03213   -0.03651    0.04772   -0.07426
  -0.16076    0.05700   -0.04662    0.00707    0.05124   -0.11949    0.07771    0.04236   -0.04528    0.05918
   0.05079    0.18722   -0.02501    0.00992   -0.07547   -0.06693    0.01720    0.03822   -0.05502    0.03252
  -0.00699    0.00099   -0.00304   -0.01303   -0.00121   -0.01566   -0.00029   -0.00640    0.00245    0.00208
   0.00033   -0.00012   -0.00020   -0.00017   -0.00168    0.00175   -0.00070    0.00226   -0.00248    0.00024
   0.00147   -0.00013    0.00421    0.00157    0.00849    0.00469    0.00164    0.00517    0.00361   -0.00090
   0.00000    0.00000   -0.00000    0.00000   -0.00000   -0.00000   -0.00000   -0.00000   -0.00000   -0.00000
   0.00000   -0.00000    0.00000    0.00000    0.00000    0.00000    0.00000    0.00000   -0.00000   -0.00000
   0.00000   -0.00000    0.00000    0.00000    0.00000    0.00000    0.00000    0.00000    0.00000   -0.00000
   0.01713    0.02754    0.03178   -0.02752    0.02590   -0.08078    0.03937   -0.02663   -0.00868   -0.01937
  -0.02293    0.02267   -0.06570   -0.07666   -0.05416    0.04627   -0.11988    0.02300   -0.00954    0.04015
   0.01181    0.02800    0.01410   -0.02620    0.08815    0.01715   -0.04749    0.00637    0.04990    0.02443
  -0.02013    0.01963    0.01419   -0.02595    0.03086   -0.11112    0.03346   -0.07815    0.03976   -0.01187
  -0.06301    0.02427   -0.03729   -0.09250   -0.04569    0.02785   -0.04661    0.03507   -0.02652    0.04808
   0.01461    0.04221    0.11359   -0.02510    0.12581    0.04153    0.03076    0.05960    0.02022   -0.00919
   0.00000   -0.00000    0.00000    0.00000    0.00000   -0.00000    0.00000   -0.00000    0.00000   -0.00000
  -0.00000   -0.00000    0.00000   -0.00000   -0.00000    0.00000    0.00000    0.00000   -0.00000    0.00000
   0.00000    0.00000   -0.00000   -0.00000    0.00000    0.00000   -0.00000   -0.00000    0.00000    0.00000
   0.05497    0.03387    0.06817   -0.03402   -0.03595   -0.15438    0.04246    0.01175   -0.06614    0.02497
  -0.07101    0.04937   -0.12900   -0.10291   -0.06476    0.05053   -0.04990   -0.03800    0.01526   -0.05344
   0.02834    0.08913   -0.00028   -0.03850    0.08302    0.03978   -0.04354   -0.03179    0.02604   -0.01330
   0.06877   -0.01140    0.02812   -0.08246   -0.02084   -0.09279   -0.01312    0.00849   -0.01213   -0.04152
  -0.08905    0.03194   -0.04232   -0.08928   -0.04037    0.02124   -0.01205   -0.00496    0.01784    0.04304
   0.03344    0.11107   -0.03434   -0.02847    0.07038    0.03991   -0.01198   -0.04527   -0.01300   -0.02500
   0.05748   -0.04505   -0.02703   -0.10712    0.05318   -0.05198    0.01709    0.02344   -0.02050   -0.05851
  -0.16540    0.03691    0.04024   -0.00624    0.04059   -0.09783   -0.02579   -0.03377    0.03353    0.06025
   0.04599    0.16763    0.05655    0.00501   -0.05601   -0.03526   -0.02636   -0.05715   -0.02885    0.02237
   0.13749   -0.02982    0.05190   -0.20737   -0.16441    0.03048   -0.11054   -0.09041    0.18587   -0.08068
  -0.15581    0.06298   -0.07739    0.00546    0.05351   -0.12330    0.14114    0.05906   -0.11403    0.03340
   0.05452    0.20193   -0.10188    0.00973   -0.09032   -0.08149    0.09693    0.09958   -0.14001   -0.02194
   0.13087   -0.00230    0.08518   -0.16127   -0.19754   -0.06440   -0.17583    0.02843    0.08003    0.06910
  -0.11044    0.06103   -0.12765   -0.06130   -0.02291   -0.02008    0.08872   -0.02906   -0.01856   -0.09409
   0.04565    0.16196   -0.12552   -0.01880    0.01021    0.01276    0.12995   -0.05368   -0.06620   -0.20678
   0.00990   -0.07951   -0.09832   -0.06934    0.16241   -0.07993   -0.05489    0.06437    0.02316    0.05778
  -0.09479   -0.02015    0.16474   -0.10689   -0.00227    0.05967    0.09418    0.05018    0.00783   -0.12469
   0.02576    0.08504    0.03739   -0.01643    0.08950    0.04483   -0.03352    0.02522   -0.00479    0.05610
   0.08836    0.00540    0.06256   -0.08837   -0.08084   -0.11522   -0.05018    0.03737   -0.02609    0.03017
  -0.07417    0.04066   -0.09211   -0.10396   -0.06688    0.04260   -0.05424   -0.02468    0.03442   -0.01333
   0.03313    0.10864   -0.07457   -0.04270    0.07983    0.06275   -0.01567   -0.09976    0.02475   -0.17283
   0.00807   -0.00924   -0.00685   -0.03362    0.04460   -0.11688    0.00342   -0.04299    0.03178   -0.01869
  -0.08592    0.01957    0.00362   -0.08952   -0.03030    0.02313    0.00679    0.03555   -0.01730    0.03888
   0.02387    0.07677    0.07518   -0.02393    0.09503    0.04421   -0.01506    0.01189    0.00750    0.01757
   0.02453   -0.04552   -0.04656   -0.06590    0.09120   -0.09037   -0.01564    0.01687    0.00999   -0.01560
  -0.11589    0.01087    0.07447   -0.07700   -0.00406    0.00555    0.02710   -0.00978    0.02498    0.01031
   0.03225    0.11018    0.05750   -0.01427    0.05112    0.02833   -0.01292   -0.01586   -0.01735    0.02464
   0.03731   -0.01483    0.00139   -0.05771    0.03266   -0.10833    0.00461   -0.00423   -0.00760   -0.04646
  -0.11398    0.03225   -0.00990   -0.06601   -0.01493   -0.01193    0.01002   -0.01205    0.01291    0.06217
   0.03354    0.11534    0.05161   -0.01494    0.04594    0.01745   -0.02112   -0.02634   -0.02119    0.03135
   0.00333    0.02715    0.03221   -0.02540    0.02321   -0.10966    0.05012   -0.05182    0.00270   -0.02334
  -0.05392    0.03029   -0.07175   -0.09377   -0.06021    0.03926   -0.08617    0.02178   -0.01865    0.05431
   0.01607    0.04756    0.07107   -0.02630    0.11554    0.03243   -0.01040    0.03187    0.03041    0.02258
   0.00177   -0.00074    0.00023   -0.02509    0.02970   -0.09030    0.01186   -0.04273    0.02627   -0.01555
  -0.04751    0.01107   -0.00817   -0.08648   -0.03865    0.03486   -0.02293    0.07520   -0.05000    0.04307
   0.01424    0.04060    0.04653   -0.02516    0.10979    0.04576   -0.02668    0.03041    0.03509    0.01819
  -0.03009   -0.02234   -0.03931   -0.02852    0.06223   -0.11596   -0.02135   -0.07846    0.09223    0.01721
  -0.07318   -0.00033    0.06046   -0.09661   -0.01333    0.03426    0.04936    0.09196   -0.04477   -0.01249
   0.01578    0.04656    0.11756   -0.02674    0.11266    0.06356    0.02965    0.06588    0.00832   -0.02801
   0.05789   -0.05168   -0.03706   -0.10731    0.06956   -0.04303    0.02444    0.04017   -0.04175   -0.06106
  -0.13065    0.01986    0.06036   -0.05432    0.00784   -0.02881   -0.00885   -0.03766    0.03122    0.04252
   0.03963    0.13945    0.00898   -0.00684    0.01056    0.00031   -0.01171   -0.03034   -0.04237    0.04508
   0.04420    0.00677    0.03913   -0.02038    0.01186   -0.11049    0.02500   -0.01240   -0.01543   -0.01097
  -0.03367    0.01826   -0.04817   -0.07347   -0.05187    0.04745   -0.08570    0.04050   -0.01768    0.05108
   0.01605    0.04962   -0.02965   -0.03601    0.09580    0.04723   -0.10959   -0.03010    0.08111    0.01098
  -0.01208    0.00638    0.00437   -0.03117    0.01254   -0.03236    0.00496   -0.00585    0.00662    0.00003
  -0.01336    0.00579   -0.01594   -0.04594   -0.02321    0.00475   -0.03483    0.03164   -0.02647    0.02560
   0.00343    0.00365    0.02845   -0.00989    0.06283    0.01130    0.00471    0.02660    0.02680    0.00086
   0.00086   -0.03458   -0.04319   -0.03925    0.07893   -0.11023   -0.02573   -0.03173    0.05453    0.00777
  -0.07942    0.00052    0.06645   -0.10108   -0.02049    0.04284    0.05409    0.08150   -0.04206   -0.01772
   0.02140    0.06756    0.06440   -0.02262    0.10715    0.05350   -0.02313    0.02860    0.01300    0.02479
   0.03305    0.00446    0.02367   -0.03977    0.01640   -0.12168    0.02419   -0.02191   -0.01094   -0.03427
  -0.08386    0.03174   -0.04719   -0.09062   -0.04450    0.02467   -0.03143    0.00635    0.00099    0.05232
   0.02736    0.08835    0.03675   -0.02677    0.08478    0.03553   -0.03575   -0.01181    0.00673    0.02875
   0.07440   -0.01657    0.02422   -0.10024   -0.02722   -0.07946   -0.01418    0.00058   -0.00263   -0.06668
  -0.12383    0.04361   -0.04186   -0.04778   -0.00271   -0.04018    0.02977    0.00046    0.00581    0.06307
   0.04050    0.14298   -0.00823   -0.01018    0.01038   -0.00404   -0.00613   -0.02844   -0.04082    0.01315
   0.00294    0.01544    0.01168   -0.02054    0.01716   -0.04150    0.01301   -0.01903    0.00500   -0.00880
  -0.01385    0.01317   -0.03641   -0.05151   -0.03692    0.02292   -0.07547    0.02684   -0.02016    0.04151
   0.00754    0.01143    0.01759   -0.01495    0.07142    0.00992   -0.02254    0.01318    0.04038    0.01324
   0.02432    0.01073    0.02585   -0.02791    0.02247   -0.10551    0.03234   -0.03101   -0.00216   -0.02745
  -0.04762    0.02117   -0.04836   -0.09119   -0.05642    0.04619   -0.07645    0.04733   -0.02606    0.05999
   0.01811    0.05248    0.01772   -0.03207    0.11076    0.04191   -0.06080    0.00308    0.04867    0.02778
  -0.02217   -0.00520   -0.01187   -0.03124    0.00858   -0.05107   -0.00076   -0.02430    0.02322    0.00501
  -0.02540   -0.00296    0.01759   -0.06324   -0.01072    0.01074    0.01587    0.07784   -0.04876    0.00157
   0.00477    0.01003    0.04643   -0.01688    0.08269    0.03743    0.00925    0.05586    0.02097   -0.00482
   0.08368   -0.04256   -0.00584   -0.13824    0.00167   -0.02018    0.01454   -0.00615    0.00504   -0.09928
  -0.16367    0.04426    0.00885    0.00168    0.04586   -0.11318   -0.01932    0.01349   -0.00159    0.05455
   0.04902    0.17987    0.00549    0.00857   -0.07043   -0.05509   -0.01966   -0.00384   -0.02989    0.01549
  -0.00000   -0.00000   -0.00000   -0.00000    0.00000   -0.00000    0.00000   -0.00000    0.00000   -0.00000
  -0.00000   -0.00000    0.00000   -0.00000   -0.00000    0.00000    0.00000    0.00000   -0.00000    0.00000
   0.00000    0.00000   -0.00000   -0.00000    0.00000    0.00000   -0.00000    0.00000    0.00000    0.00000
