3
6
8
17
18
25
30
34
40
41
44
58
59
63
64
67
68
78
85
86
87
88
91
96
99
104
105
106
107
108
111
117
119
123
127
128
130
136
137
138
139
142
145
146
148
149
154
161
164
165
173
174
176
181
182
185
186
187
189
191
197
199
203
206
208
212
214
215
216
217
219
221
222
223
226
227
231
232
237
239
240
242
248
255
259
261
262
264
265
268
278
281
282
287
288
292
294
298
299
302
305
310
315
316
324
327
330
334
338
339
340
342
343
345
350
354
357
358
359
361
363
365
366
367
369
370
371
373
376
377
384
386
387
389
390
391
392
393
395
396
398
399
401
403
404
406
410
411
414
424
426
428
430
435
439
444
448
452
453
456
458
459
460
461
465
468
475
477
483
489
491
493
494
495
496
497
498
499
509
510
513
514
515
523
525
527
534
535
542
552
555
558
561
563
564
569
574
578
581
586
591
592
593
597
602
603
604
607
609
618
626
629
630
638
639
643
644
645
647
648
654
662
663
667
668
671
673
674
679
687
688
691
698
699
704
710
711
713
723
726
728
729
733
736
737
738
742
744
751
753
758
759
760
767
774
775
783
793
796
797
805
806
807
813
817
837
851
865
885
887
902
905
906
910
921
935
946
947
948
965
970
994
995
1007
1039
1065
1079
1093
1101
1102
1124
1136
1158
1165
1171
1179
1192
1220
1237
1240
1250
1274
1289
1315
1411
1413
1414
1420
1445
1453
1469
1490
1500
1502
1540
1558
1559
1567
1568
1570
1579
1597
1598
1614
1617
1618
1621
