106 1
25
32
98
99
117
202
248
275
282
286
291
363
367
394
405
459
463
565
592
605
655
686
726
740
761
887
914
919
926
963
978
1053
1081
1127
1140
1142
1230
1262
1271
1298
1306
1308
1311
1335
1374
1436
1445
1478
1481
1495
1564
1569
1579
1636
1646
1666
1683
1687
1701
1740
1764
1811
1812
1821
1863
1990
2039
2108
2125
2189
2211
2244
2256
2462
2485
2515
2557
2584
2601
2612
2614
2618
2705
2717
2719
2746
3057
3211
3223
3237
3381
3416
3543
3567
3766
3768
3777
3825
3845
3854
3936
3937
4021
4028
4095
4141
