153 1
62
98
99
117
202
248
267
271
291
308
354
367
390
394
396
405
431
459
497
514
515
541
550
565
592
617
726
740
761
770
914
949
951
972
978
1029
1044
1047
1053
1076
1081
1101
1109
1140
1142
1169
1213
1224
1230
1235
1236
1242
1262
1271
1284
1297
1306
1308
1324
1335
1355
1359
1374
1409
1436
1443
1445
1466
1476
1481
1569
1582
1635
1644
1645
1666
1683
1751
1759
1775
1810
1811
1812
1847
1851
1859
1863
2009
2068
2105
2125
2176
2178
2238
2244
2262
2266
2289
2290
2300
2305
2323
2336
2370
2464
2467
2469
2507
2515
2557
2584
2586
2601
2611
2615
2618
2644
2651
2655
2705
2715
2717
2746
2747
2760
2774
2980
3140
3147
3189
3211
3223
3285
3332
3381
3543
3766
3777
3818
3845
3854
3882
3924
3936
3937
3971
4021
4025
4093
4094
4095
4136
4141
