257 694 153 811
1477 1479 65 1478
476 772 373 330
396 34 215 25
48 634 1603 1606
587 260 660 429
215 260 60 429
333 951 569 100
123 58 165 679
418 95 825 419
293 856 676 476
684 78 668 435
448 20 561 56
835 874 423 1215
510 1559 945 893
1165 671 1164 793
288 426 18 616
589 335 205 103
326 265 185 306
127 1414 607 527
881 531 264 674
801 501 164 606
997 382 996 998
1306 867 944 723
1354 12 266 294
277 407 130 83
811 1521 15 250
203 487 108 334
663 68 378 30
457 225 135 425
315 181 439 453
1485 917 638 1089
259 223 764 106
550 829 173 369
416 435 138 59
587 660 215 429
1485 1089 638 426
1537 752 1536 1513
751 339 742 87
250 90 153 481
510 945 946 1137
106 909 777 1020
418 419 825 123
924 1282 1283 1281
699 92 577 30
622 703 329 186
183 311 572 103
400 222 543 119
315 534 85 439
240 542 645 8
342 605 268 360
649 51 641 279
1005 1013 961 410
445 587 755 1403
703 155 329 37
1469 65 389 1470
341 55 261 504
270 714 107 1129
106 394 393 777
456 775 232 387
118 122 690 543
363 262 803 833
315 453 439 91
626 96 396 267
1353 501 550 829
1570 1275 273 846
401 96 187 325
711 203 265 185
102 475 248 384
759 865 464 386
1244 199 1240 493
123 566 200 9
638 426 707 18
583 1049 725 1048
1344 388 1248 1407
1143 449 475 167
943 942 1108 759
1206 46 42 43
1266 790 1265 1506
1572 1158 1159 3
973 255 907 154
523 1502 324 75
813 1104 593 1103
9 506 566 200
185 20 326 480
270 13 983 437
92 1495 823 313
63 423 242 154
311 103 567 449
566 597 58 330
878 1066 880 882
183 589 526 103
195 186 251 37
229 300 237 691
1166 1025 1167 479
489 452 94 408
549 219 718 195
69 186 622 219
399 294 88 197
369 164 173 688
532 241 162 53
753 683 40 309
982 1174 705 247
1152 1301 1089 97
89 25 34 445
1467 376 350 456
2 0 47 49
643 155 37 598
88 197 294 414
530 262 803 465
92 545 171 362
575 76 1142 297
191 437 535 413
655 172 181 517
709 159 210 470
427 1025 1166 479
226 299 560 281
350 456 713 552
34 396 164 802
334 265 124 306
1061 663 1298 822
1309 215 651 25
367 602 400 210
343 935 158 609
407 343 516 83
1464 1052 376 767
638 426 197 707
768 434 197 734
323 115 548 655
98 306 144 341
910 784 499 1413
308 710 86 242
395 392 166 361
820 61 602 367
523 324 1469 206
207 375 695 928
541 129 90 535
407 1 277 637
434 638 197 734
202 33 405 1121
9 785 200 368
694 1286 122 1370
722 53 336 180
1040 119 558 118
413 191 112 295
219 537 678 186
1472 1468 1474 525
239 987 1003 304
644 667 1117 292
542 219 251 195
368 174 837 67
190 529 654 581
1465 1214 624 230
837 174 458 67
677 414 581 1322
443 795 1032 918
1538 779 1413 1172
239 988 304 194
63 835 308 423
174 458 67 635
70 259 667 644
587 89 429 258
660 260 215 429
951 354 569 100
194 412 171 661
485 860 183 311
821 1498 1337 1494
614 1008 1119 1007
526 156 474 586
660 168 587 1403
502 11 412 661
345 633 1073 287
563 763 414 337
697 27 562 466
518 724 26 610
610 505 497 26
739 878 879 574
149 417 632 404
323 548 81 655
17 219 549 643
536 425 1177 1178
1299 648 187 93
872 258 873 869
1416 1243 385 1239
370 1469 525 206
1539 1281 1283 1280
507 457 425 855
183 860 861 572
381 201 816 1347
1579 146 390 444
28 1069 1070 1068
719 314 145 377
370 1470 525 1469
266 12 360 529
525 206 117 370
745 720 411 133
102 449 567 475
458 108 711 185
609 352 657 1524
1191 325 272 1190
413 129 535 90
1122 556 1123 1352
242 392 212 111
185 561 108 203
915 282 76 1054
49 1530 47 43
345 533 1073 1125
600 546 441 147
418 448 702 679
504 811 90 541
1274 797 1159 1158
1259 76 1142 575
758 388 797 1407
315 439 704 91
191 437 107 535
635 702 448 192
1160 1571 1569 3
925 367 512 61
1255 1624 1219 1332
1411 1412 784 1413
640 683 753 309
472 1524 82 517
281 287 299 228
620 502 776 1595
811 153 250 504
1359 17 1356 1357
1014 1026 174 289
990 1139 1138 462
212 392 27 244
701 558 381 121
398 431 147 1219
610 497 686 210
603 671 430 139
579 829 550 369
483 1445 1274 797
702 123 418 679
83 433 130 320
496 41 44 515
399 652 88 294
506 120 402 566
189 1614 888 1613
686 159 610 210
935 1 352 428
919 648 25 258
890 891 1085 1290
350 237 1173 432
360 12 807 529
123 58 679 566
726 340 885 947
1070 1069 1592 1068
1023 668 1102 435
79 590 401 196
83 407 343 277
413 257 153 490
207 601 695 992
348 633 471 287
778 1355 1356 1359
223 764 787 276
1394 1395 472 1409
219 469 69 678
498 804 110 667
449 128 567 475
1502 607 324 75
358 1621 828 882
531 216 138 264
78 772 373 476
572 1375 625 335
558 367 602 119
716 403 227 237
923 160 984 924
1555 1527 1523 657
384 128 105 475
16 367 558 119
31 434 629 734
108 203 711 185
342 12 360 391
373 591 749 275
673 14 997 996
1550 1549 1551 1028
489 162 452 408
397 550 147 579
83 407 611 516
1558 1062 604 477
170 595 105 305
1371 1065 1180 273
604 1559 893 1558
602 543 118 119
699 621 68 30
591 57 275 597
660 173 688 260
1003 1004 116 304
806 459 723 477
629 434 768 734
452 162 94 408
1244 35 1240 719
680 352 81 115
418 165 448 123
635 418 448 702
1568 744 1445 444
125 405 1174 1121
635 448 20 192
684 78 435 184
66 206 117 525
170 1271 595 305
1494 313 1337 823
1061 822 1298 1297
636 33 438 482
341 568 636 261
117 523 1469 206
861 1375 625 572
367 222 400 119
442 104 757 248
56 418 702 174
867 813 944 723
491 1003 116 537
404 175 715 417
1202 937 1203 331
885 886 514 1179
621 577 378 30
1304 637 208 646
225 136 411 425
1287 788 226 281
295 398 112 397
225 136 425 536
72 219 542 1074
866 925 512 61
267 849 802 606
693 1029 220 466
572 311 335 103
628 124 568 341
985 979 774 912
10 579 550 397
897 855 425 132
656 502 194 661
554 244 212 27
658 797 388 1159
692 308 63 685
397 398 579 147
259 644 223 106
1373 1118 1372 1207
450 348 299 287
55 504 250 922
543 222 118 119
1117 1207 421 667
585 12 728 391
240 645 282 8
643 598 37 1406
379 51 649 279
63 154 395 409
358 1618 828 1621
450 1073 348 287
567 128 384 475
152 193 696 441
585 1354 1128 294
281 287 226 299
229 300 666 237
52 496 489 408
302 211 69 282
1182 1204 62 619
292 667 394 106
696 193 24 441
138 373 275 59
889 45 46 44
223 339 87 415
811 694 153 1096
537 68 186 155
395 154 392 361
483 797 1274 1158
685 392 166 395
481 90 153 295
328 265 55 203
281 560 1287 1214
1274 1159 1015 1158
753 574 359 40
724 497 26 610
174 123 418 702
194 171 92 239
95 448 561 418
594 127 324 523
85 1251 1391 1450
1128 294 198 1127
1512 1048 317 1509
239 987 304 988
195 186 219 251
1212 107 355 520
786 609 114 428
126 211 251 297
418 825 165 123
220 466 724 349
1279 1278 316 754
91 439 704 744
526 586 474 249
1601 1602 1607 571
4 637 646 254
691 403 237 299
718 219 72 195
465 149 371 629
497 367 686 210
587 168 660 260
592 359 574 40
358 878 739 574
225 411 135 425
74 381 1262 201
1559 946 430 510
1410 1413 513 1412
371 404 149 262
367 613 61 210
133 411 225 555
1001 756 311 449
734 638 197 563
85 1251 1392 1391
56 418 174 289
502 1105 11 930
753 522 592 359
186 1296 703 155
681 352 680 115
225 133 533 411
737 453 315 736
1371 590 599 145
805 1179 1289 887
151 613 367 210
261 504 636 341
1557 246 1558 1561
1273 705 77 247
915 282 1054 393
1582 59 1584 184
691 761 236 471
265 261 124 306
660 553 173 260
92 171 823 1495
643 219 195 186
513 1289 1413 338
418 123 174 289
1573 1571 1572 3
1455 122 690 274
489 162 496 452
502 689 930 528
640 683 40 753
358 574 359 753
268 605 807 360
1141 121 701 381
989 311 102 1143
1192 325 145 1240
286 404 715 149
265 341 306 98
313 92 1337 823
655 115 548 172
302 69 251 219
863 493 1065 273
31 734 629 399
427 479 762 16
373 293 275 330
292 393 498 915
576 1232 41 1082
753 547 522 309
1274 797 658 1159
452 241 162 532
1242 35 1240 1241
1074 72 645 542
78 330 373 59
1061 663 253 1298
639 530 809 569
106 393 394 292
264 216 435 141
677 1321 848 134
129 682 694 437
432 237 1173 1465
645 72 302 542
19 655 534 181
322 628 202 931
1074 72 195 718
358 739 359 574
1178 425 132 618
199 444 1579 1570
168 587 789 260
591 597 275 330
443 44 46 42
328 561 265 203
767 316 376 1279
369 539 24 112
626 96 267 385
1309 215 179 651
232 552 958 713
410 426 1087 288
1424 527 1420 1421
1013 1012 961 410
336 180 1098 649
102 449 475 1143
447 92 699 30
585 1354 391 1128
1558 1560 604 1062
1261 487 108 203
579 441 550 147
247 545 362 21
102 311 1150 449
389 127 594 523
1034 970 23 971
41 44 515 298
630 365 366 6
992 375 695 207
1189 838 651 401
691 300 237 403
1410 1411 1413 1412
772 78 771 476
626 396 802 267
247 1174 705 545
590 921 401 196
1593 129 541 436
289 702 174 9
4 868 1022 646
1394 472 1408 1409
1315 340 947 796
1541 732 742 751
894 122 13 463
726 514 513 338
644 259 667 106
721 213 896 682
522 175 547 781
864 493 863 1162
1174 405 1175 1121
100 474 951 730
673 997 382 996
688 260 209 60
494 1281 160 662
392 650 1059 111
676 58 293 476
636 438 504 482
826 98 306 565
186 703 329 37
194 621 577 412
540 180 557 252
19 181 737 453
1201 115 1489 937
497 151 427 367
138 373 749 275
40 640 753 358
1584 1582 1587 538
221 216 509 1007
498 667 460 394
745 720 1611 268
667 1533 460 394
1579 444 390 1570
878 882 880 574
40 547 522 753
509 216 674 141
358 574 753 40
306 628 144 341
1172 752 50 357
1355 17 1356 1359
370 1470 1472 525
946 221 430 1007
186 643 703 37
286 391 1128 585
96 626 396 25
651 215 179 664
794 1182 62 619
661 171 92 545
981 160 641 924
34 660 164 215
734 197 88 563
885 1120 796 340
634 1530 443 795
1511 1519 1510 1520
248 586 526 249
137 1343 720 468
161 68 663 30
72 219 1074 195
53 180 252 336
190 414 581 677
522 175 781 417
114 609 548 428
702 200 824 368
454 191 112 413
1420 1597 1596 234
444 1235 1171 1237
914 498 915 292
67 458 836 711
299 471 403 228
211 622 126 251
638 707 563 18
563 707 337 18
66 525 111 303
1566 920 919 580
765 940 531 881
625 630 205 335
15 812 695 992
579 369 24 112
218 117 86 370
555 136 225 536
1394 1395 1409 1396
475 567 248 384
168 1156 789 587
1039 316 775 759
185 635 561 20
31 371 1157 629
711 265 334 306
35 314 145 719
1394 1393 517 172
1568 214 1445 744
720 136 555 268
668 216 138 631
728 12 342 391
490 28 462 204
770 397 295 10
860 572 183 311
738 704 1568 91
407 130 637 277
694 1370 153 413
176 522 592 781
1080 1082 1078 1197
558 602 118 119
234 948 1426 1420
413 129 437 535
427 151 479 367
1301 1087 1089 97
441 546 369 550
83 343 786 428
288 426 638 18
1448 1449 158 1555
458 635 108 185
362 559 1049 21
536 425 1178 618
907 562 349 908
711 334 32 306
343 609 786 428
660 688 164 215
435 78 668 59
77 247 583 1273
151 613 210 159
699 577 621 30
90 398 295 397
466 113 159 349
793 671 603 139
433 831 616 383
9 511 123 402
1313 254 277 727
829 164 173 369
512 422 743 188
234 1597 948 1420
1585 538 1584 1588
928 502 776 620
623 53 336 241
229 691 237 299
525 650 86 111
239 656 661 74
441 173 209 369
1054 282 76 393
52 489 379 408
204 820 602 367
336 53 94 241
448 653 20 192
441 553 173 546
1150 311 567 449
660 260 688 60
1258 1259 1142 575
921 25 187 401
712 969 23 833
384 356 105 128
341 124 568 261
496 515 44 452
686 159 210 709
1579 1065 145 199
143 966 965 1548
579 398 112 147
326 265 826 98
905 359 1135 1067
127 594 844 389
298 44 443 42
34 396 802 626
1148 475 105 406
884 726 514 1200
1456 977 1083 1335
355 1440 1212 1213
41 298 576 1079
1539 1281 582 1283
614 141 285 216
1007 509 674 141
242 66 710 111
159 151 497 210
1380 726 564 338
159 613 210 7
613 349 188 7
339 1380 742 338
770 90 295 397
1479 594 324 523
583 21 362 1049
241 94 162 53
613 113 188 349
590 93 1300 612
1151 583 725 317
198 294 1354 652
931 202 930 689
546 173 369 550
784 1216 1411 564
715 175 522 417
89 648 445 256
590 1300 314 612
311 103 183 1150
322 124 568 628
194 627 412 502
288 1485 638 426
367 61 602 210
651 838 25 401
563 197 763 707
270 1129 107 983
234 948 1423 1426
370 650 86 525
838 1309 179 651
417 585 728 176
20 265 185 326
68 621 378 30
1157 1127 198 294
178 1543 831 750
1299 93 187 612
219 116 469 678
816 1347 762 16
63 154 392 395
177 573 275 402
1372 1118 1376 1207
680 115 81 323
17 537 219 186
987 656 988 239
1075 72 1612 1018
265 203 261 55
731 958 232 552
342 1136 728 176
259 223 1490 87
585 12 1354 294
1173 713 227 350
32 1041 1043 1044
702 200 368 9
1455 122 274 400
669 1143 475 167
34 258 215 25
34 89 258 25
94 379 649 279
34 89 215 258
1490 751 742 87
710 117 370 66
152 696 24 441
327 136 618 581
214 758 658 797
407 131 842 516
719 377 145 199
161 155 643 663
452 241 532 515
757 104 384 248
211 1260 1142 297
255 907 349 908
441 209 24 369
843 1425 353 1427
243 1357 1361 1433
585 294 1128 1127
31 371 465 740
165 419 840 597
1375 6 630 335
881 940 531 674
72 302 542 219
408 722 336 180
482 1096 541 129
161 68 155 663
534 181 85 439
995 495 459 142
481 90 295 770
768 434 629 31
162 301 532 488
1266 790 1506 1507
137 605 342 1136
28 204 990 462
1097 695 1595 144
1101 813 593 495
445 89 755 587
374 252 1098 1100
564 784 910 338
1274 214 1529 797
1049 1272 1048 21
600 29 441 546
850 1164 603 793
666 237 227 350
332 182 595 305
470 159 210 7
422 697 212 619
420 620 207 695
31 740 465 608
1288 299 403 228
379 489 94 408
240 780 645 1612
288 616 18 320
1232 532 515 301
162 532 53 488
373 330 275 59
467 238 713 570
392 86 650 111
1271 717 182 305
460 645 282 240
475 128 105 406
759 64 942 1113
871 429 60 260
242 86 392 111
843 1425 1427 594
249 586 442 248
79 325 1371 1192
1384 1386 1231 109
746 605 268 342
174 458 635 56
1431 1026 1428 1429
1188 157 378 577
458 56 108 635
1174 125 705 545
1362 1363 1017 29
240 780 1612 1018
1274 1529 658 797
1235 738 1238 1568
102 311 449 1143
1461 1173 1460 245
275 416 138 59
409 154 395 255
1220 1098 148 374
536 136 425 618
807 136 555 654
241 94 452 162
486 615 356 128
628 1041 322 124
1279 316 456 754
1024 393 800 297
534 347 85 181
547 1603 1600 700
434 768 197 1089
1565 571 1600 1603
259 70 223 644
411 136 225 555
1150 567 526 248
242 111 212 556
270 107 714 520
789 847 553 29
1370 28 122 490
191 520 539 112
129 437 694 413
68 378 792 155
32 334 628 306
1232 1231 515 532
701 121 1047 558
741 712 23 262
1343 605 746 342
281 299 1288 228
393 240 460 282
598 1405 37 1406
280 475 105 1148
231 1279 456 754
804 421 1115 667
1285 582 1283 1284
628 334 1041 124
719 1247 1333 1245
635 20 480 192
724 466 159 349
41 44 298 42
591 1011 597 840
39 686 210 709
1376 544 644 1626
80 1507 1266 693
155 329 37 598
1164 1540 603 671
607 189 1501 1499
497 151 367 210
1597 729 948 1420
609 158 1523 1448
386 464 1501 888
646 637 208 1312
537 68 155 161
672 596 883 60
40 683 547 309
148 649 180 1064
528 1595 502 144
174 702 368 9
763 1323 1326 383
124 636 568 261
290 629 465 31
968 691 1170 236
308 117 86 218
1376 1490 1491 521
1600 571 175 700
1470 1468 525 1469
461 523 324 75
169 523 461 424
1080 503 1078 1082
34 445 215 89
445 648 187 256
221 509 430 1007
1510 1512 317 1509
844 127 389 523
613 113 512 188
392 212 27 619
307 1296 1295 186
496 162 489 408
915 393 498 282
803 530 639 569
1222 1223 662 551
1299 93 612 1300
622 186 329 251
466 113 151 724
629 1157 399 294
569 23 363 530
442 757 384 248
1146 167 475 406
1271 332 595 305
833 262 803 530
457 425 135 507
629 149 371 294
8 963 800 1024
269 1165 1164 793
77 247 362 583
835 1215 423 834
173 441 209 672
173 672 209 260
338 885 514 1179
989 311 1150 102
176 585 728 391
1564 75 1563 1505
277 130 320 83
639 365 99 630
469 302 219 69
1099 53 336 623
70 259 1117 667
362 545 171 559
427 479 16 367
28 1068 1070 413
113 697 562 466
247 21 362 583
477 1165 806 142
174 1026 1428 1431
292 915 1054 393
502 125 661 928
348 5 761 471
14 1367 1050 1368
126 297 251 519
1327 1328 1320 134
1064 51 649 379
1114 804 110 282
178 611 831 832
251 186 329 37
645 542 282 8
669 449 1143 167
182 305 588 105
221 614 902 1007
625 205 100 589
539 520 24 112
684 1584 476 78
20 561 185 265
613 512 61 866
456 316 376 232
643 663 598 253
759 64 865 386
726 947 885 338
1169 1170 968 1276
474 156 956 586
1416 385 96 1239
19 937 1202 331
161 663 447 30
824 200 785 368
325 93 590 612
696 1213 152 24
704 736 315 91
736 453 315 91
625 6 365 630
1347 427 762 16
272 325 96 401
292 393 394 498
393 460 394 498
600 1017 546 769
159 113 613 349
573 59 275 402
573 416 275 59
191 535 107 398
1407 85 1450 1251
972 908 907 255
478 1229 1227 927
207 928 656 74
1175 1174 705 982
645 302 282 542
932 500 131 934
543 122 690 1455
19 181 453 331
806 1062 1558 477
496 162 515 452
684 184 1584 78
1355 1357 1359 1358
15 991 812 992
1124 411 1351 135
265 55 261 341
265 261 306 341
306 124 341 261
391 12 360 266
1007 216 509 141
240 1612 645 1018
19 181 534 737
896 894 694 682
1093 1148 280 105
315 181 534 439
426 616 707 18
563 707 763 337
300 403 716 237
928 776 1595 620
620 1595 695 144
88 563 414 337
526 156 589 100
741 404 712 262
1218 892 206 508
697 27 212 619
817 744 1235 444
1082 1232 41 1198
625 1375 630 335
542 302 251 219
343 1 500 932
316 1278 943 759
194 627 621 412
1269 495 182 305
183 861 625 572
685 1027 166 692
215 429 60 258
626 802 606 267
434 917 1152 1089
1354 294 266 652
188 422 619 562
553 29 441 260
198 1128 1354 294
931 628 202 689
463 122 13 690
1000 1534 406 1077
565 826 98 1090
644 667 292 106
901 420 620 1338
176 715 522 417
1550 450 1028 348
299 287 471 228
410 130 616 320
1047 1370 122 1083
1144 1147 475 280
1539 1283 582 1280
664 1309 1311 1554
270 13 857 983
710 218 66 492
341 55 504 250
764 415 787 276
497 427 119 367
222 497 119 367
354 1034 970 569
457 507 687 372
477 851 1165 994
1361 1357 451 1433
504 438 636 1097
288 904 961 903
501 173 164 606
418 561 328 665
393 240 282 8
393 282 297 8
113 1167 697 291
393 282 76 297
525 1055 650 859
1554 164 688 215
186 68 1296 155
707 383 1326 18
693 220 1030 518
1397 776 1121 528
161 663 643 253
328 561 203 665
561 665 108 203
1154 1301 1152 1153
606 660 164 34
839 838 651 1189
579 441 369 550
1571 1158 1572 3
119 427 16 367
710 370 86 66
66 525 86 710
498 460 110 282
93 401 187 325
401 25 187 96
635 458 711 185
622 329 126 251
69 622 251 219
255 361 395 80
395 154 361 255
152 600 441 147
638 707 197 563
174 1431 1428 289
660 168 789 260
31 1157 399 629
1207 1376 1490 259
103 567 589 526
187 25 626 96
78 476 373 330
1322 581 1321 1320
433 617 831 383
1338 1547 901 420
612 325 1239 35
716 1169 968 1168
670 1023 1102 1580
140 813 1101 495
172 1395 440 534
1262 1040 1047 118
32 1042 1043 1041
1445 214 1274 797
436 129 541 535
1357 17 161 699
674 216 264 141
765 509 940 881
226 450 299 287
772 293 373 330
167 128 475 406
430 509 217 674
1379 1342 38 364
420 620 1338 207
1511 1151 119 497
1183 1182 62 794
216 668 138 435
465 740 741 262
652 294 266 88
1191 1194 1193 1190
636 438 33 1097
1296 703 1295 186
1120 884 514 1200
19 1202 181 331
1240 35 145 719
713 456 232 552
811 153 504 90
173 553 441 260
482 129 541 1593
609 352 548 428
400 709 39 210
191 413 535 398
413 535 398 90
376 713 1173 350
373 668 138 748
161 663 1061 447
117 524 308 86
356 595 105 170
595 182 105 305
392 242 212 154
825 840 165 419
361 392 27 154
396 34 164 215
693 220 518 349
63 242 392 154
1065 1181 1180 273
389 1469 1479 65
742 564 910 338
394 240 393 8
1424 1420 1426 1421
653 321 480 192
360 529 807 654
191 398 112 295
1221 1226 1224 1223
95 561 328 418
174 446 108 458
455 1114 110 282
266 12 529 294
897 425 507 798
362 545 559 21
188 422 743 794
955 749 748 373
148 641 1281 318
92 171 559 362
341 568 1097 636
829 501 164 801
63 308 692 423
308 524 692 86
1359 1357 1356 451
392 692 63 685
614 141 1006 285
534 181 315 737
779 1410 513 1412
513 357 1413 1289
63 692 392 423
289 123 702 9
531 216 264 674
467 238 227 713
1430 1515 108 1261
1071 1122 111 556
660 173 164 688
1129 714 107 983
1575 1419 1088 1576
692 308 86 423
73 780 460 240
310 1349 1350 1348
491 304 1003 537
1559 945 946 510
251 542 69 302
40 547 753 309
1012 904 1365 961
187 96 626 385
137 1343 1136 342
139 671 806 477
191 398 295 413
413 398 295 90
153 413 295 90
153 129 413 90
420 620 695 601
93 921 187 401
1177 425 132 1178
605 12 342 728
1136 605 342 728
1490 751 224 1492
350 432 1173 1467
1378 182 459 495
548 115 517 172
825 419 165 123
647 146 1579 444
691 348 761 471
150 636 504 482
443 46 43 42
525 263 650 1055
795 47 443 46
77 1262 1047 118
1420 386 1414 527
123 679 200 566
443 47 43 46
417 728 592 176
809 465 608 290
104 929 1567 586
215 660 688 60
735 1153 290 434
345 225 135 457
461 324 206 75
117 370 524 86
1102 668 216 435
185 265 711 306
423 308 86 242
423 86 392 242
63 423 392 242
835 218 308 423
948 386 1414 1420
1597 1599 948 760
866 512 743 188
255 154 562 907
44 489 452 1293
774 995 459 142
40 753 592 359
838 96 25 401
83 343 428 277
407 428 343 277
407 1 428 277
254 1 277 428
176 728 342 391
802 801 164 606
600 29 1017 1363
407 1 343 428
1070 1068 454 413
1262 362 201 1040
566 275 597 330
870 258 429 869
848 763 1322 1323
112 398 431 147
112 431 24 147
431 152 24 147
787 1398 87 276
191 431 112 398
191 107 431 398
640 298 683 42
868 637 1304 646
1465 237 1173 624
625 589 100 526
625 365 100 205
561 203 185 265
222 1511 119 497
92 171 577 823
840 1011 597 986
539 112 454 191
1035 482 1037 1593
184 78 435 59
1493 224 1541 1492
264 435 138 416
264 216 138 435
191 270 107 437
655 172 534 181
1240 325 590 35
601 341 568 1097
530 465 608 809
620 144 695 601
615 1277 170 305
683 298 443 42
640 298 40 683
529 414 190 88
270 983 107 437
1153 1152 434 917
444 483 390 3
1010 57 1011 986
202 528 689 144
400 543 602 119
715 404 417 149
398 535 107 431
398 535 431 22
1281 278 1280 1539
536 136 327 654
602 122 543 400
1281 641 924 318
1097 812 15 811
265 334 124 673
591 58 597 330
165 591 58 597
123 597 58 566
165 597 58 123
265 673 124 261
490 28 122 462
1192 325 1371 145
165 58 676 321
1172 1412 779 50
726 885 514 338
178 1542 1543 750
390 483 733 3
92 194 577 171
148 649 641 279
654 529 807 581
512 113 422 188
711 108 283 1042
1135 1134 137 905
654 136 327 581
555 136 536 654
349 562 188 7
261 150 636 504
258 869 284 89
330 293 58 476
232 958 570 713
1421 1420 1414 527
172 517 534 181
948 729 1597 386
440 347 534 181
1053 915 1054 292
202 1397 1121 528
202 33 1121 1397
993 995 912 142
643 537 186 155
741 262 530 465
992 601 695 15
988 656 194 239
144 628 568 341
17 219 643 186
549 219 195 643
1082 1232 1198 301
151 113 479 367
1507 790 1029 693
292 498 394 667
443 795 889 1032
288 410 426 616
117 1469 370 206
541 535 90 398
441 672 24 209
620 207 928 656
455 302 69 282
110 302 455 282
102 1150 248 567
106 909 394 777
643 155 703 37
948 234 578 1599
74 1262 928 201
138 668 373 59
435 668 138 59
394 73 460 240
393 240 394 460
894 13 694 682
668 78 373 59
1097 568 33 636
1246 146 1579 647
452 675 489 94
489 675 379 94
603 1540 1106 430
749 591 57 275
565 1090 98 827
222 505 1511 497
452 532 162 515
290 434 768 31
613 512 866 188
483 1274 1015 1158
633 5 471 287
1000 999 1534 1482
365 698 366 6
1430 446 108 1515
434 1152 768 1089
1462 1460 1459 245
1287 560 230 1214
56 448 20 635
34 802 606 626
469 455 302 69
476 78 771 684
1161 1339 1275 1160
66 525 710 111
1491 224 1493 1492
242 710 86 111
266 294 529 88
838 396 651 25
299 287 348 471
692 86 392 423
629 371 1157 294
306 124 628 341
132 425 897 798
885 1120 1200 886
948 387 578 775
502 11 661 528
502 528 661 125
194 412 661 502
1096 694 153 90
449 756 311 103
447 663 1061 822
185 20 480 635
449 128 475 167
222 686 367 400
693 361 466 349
677 88 190 414
337 88 677 414
80 361 693 349
265 203 673 261
222 400 543 686
1433 1357 451 699
504 153 250 90
441 193 24 672
1325 1330 1327 134
77 1040 1262 118
343 407 932 500
732 1217 910 1380
491 239 304 68
1235 1238 1236 344
92 559 1497 362
912 995 774 142
106 909 1020 1019
74 201 659 381
1608 969 23 712
1418 1243 1417 1242
520 152 24 431
684 668 216 1102
1102 285 216 684
520 431 24 112
191 107 520 431
191 431 520 112
191 270 520 107
251 329 484 37
251 329 126 484
176 585 286 715
1124 468 310 411
320 433 130 616
199 1579 1065 1570
635 702 67 174
174 702 67 368
211 799 1435 1434
56 702 635 174
527 386 1414 189
1472 1473 1474 1468
523 324 206 461
1486 904 1485 1087
740 371 149 262
465 371 149 740
94 675 379 279
8 1024 800 297
461 75 206 892
211 1142 282 297
215 587 429 258
1608 1600 571 1257
31 465 371 629
1232 515 1198 301
529 294 414 88
266 529 190 88
792 621 791 378
218 492 117 66
63 835 423 834
1470 1471 1472 1468
443 889 46 44
795 889 46 443
733 1339 1571 1158
1007 509 430 674
32 334 1041 628
66 508 525 303
239 304 68 621
361 619 27 562
1324 1325 1545 1323
176 585 391 286
610 724 497 159
724 113 151 159
724 151 497 159
489 496 44 452
1284 1172 1280 50
42 41 44 496
343 609 114 786
1516 659 1518 243
393 460 498 282
1377 774 985 979
443 1530 43 47
511 177 123 402
170 1277 1271 717
1570 1161 1160 3
311 103 1150 567
1302 1087 1301 97
1372 1376 521 1207
935 352 609 428
1533 259 276 909
643 537 155 161
17 537 643 161
150 482 1593 1037
584 1378 995 495
1088 1087 1302 97
596 871 60 260
343 1 407 500
664 1311 1341 1554
932 500 934 933
186 643 37 195
4 1 637 254
637 1 277 254
386 1501 607 189
751 732 742 339
833 969 23 970
66 206 525 508
622 186 251 219
239 92 194 577
707 763 1326 383
621 157 1438 627
93 325 187 612
325 612 590 35
69 622 211 251
31 465 290 608
688 173 209 260
732 910 499 1380
369 688 173 209
290 768 629 31
629 768 197 734
792 791 1009 378
1342 209 369 364
625 630 365 205
889 795 1033 1032
40 522 592 753
313 823 1494 1496
1220 252 1098 374
306 98 144 565
100 474 730 249
1112 1533 1110 394
34 802 164 606
10 295 579 397
579 441 24 369
1515 446 108 1261
579 295 112 397
397 398 112 579
836 458 283 711
1018 1074 645 542
194 412 577 171
702 824 67 368
159 497 610 210
1533 259 909 106
1110 259 276 1533
45 891 889 1033
466 1025 151 113
1165 912 774 142
562 27 697 619
697 291 466 113
422 562 697 619
423 710 308 242
715 585 286 149
560 1287 226 281
1266 1507 1029 693
1479 1469 1477 65
191 1286 413 28
148 641 318 279
664 1309 1554 215
300 716 227 237
1143 311 449 669
91 1568 1235 817
211 1435 473 1434
748 668 138 631
66 525 117 370
66 370 86 525
145 590 314 35
100 156 474 526
100 526 474 249
266 529 360 190
593 459 182 495
109 1231 1232 532
656 928 661 74
1352 1071 556 1123
650 1058 244 1059
372 457 507 897
452 271 675 94
998 996 150 980
1503 1505 75 1502
13 213 894 463
225 533 345 135
225 411 533 135
1073 633 348 287
603 1540 430 671
780 645 460 240
9 506 200 785
523 424 1502 75
1117 804 421 1116
247 705 77 545
17 68 537 161
17 68 491 537
491 304 537 68
17 491 219 537
204 1139 602 820
10 829 550 579
1070 1592 1457 1068
341 504 1097 811
339 947 742 87
369 209 539 364
369 539 112 364
364 112 454 539
369 209 24 539
53 180 540 252
150 504 541 482
1369 936 1050 1367
541 535 398 22
436 535 541 22
542 211 69 302
542 211 302 282
542 297 282 8
251 297 542 8
251 211 542 297
542 211 282 297
251 211 69 542
701 1086 1456 121
701 1456 1083 121
1310 1311 1389 664
1387 1388 852 1164
98 341 144 565
1235 744 1568 444
247 545 77 362
1448 1555 158 1523
609 1523 1524 657
441 29 553 546
441 173 369 546
1118 70 1376 1207
547 175 522 309
118 583 1040 725
66 1218 206 508
472 1393 517 1394
620 502 194 656
323 115 81 548
352 115 548 81
428 352 548 81
222 505 497 610
345 633 287 687
226 345 287 687
352 115 517 548
954 422 1182 794
719 1246 377 199
227 300 666 467
666 300 227 237
441 546 550 147
851 850 793 269
643 155 598 663
729 865 386 1614
723 459 495 142
1371 325 590 145
345 1125 1073 1124
239 171 92 661
194 661 171 239
656 661 194 239
447 663 822 30
965 1548 1224 143
490 1335 122 1083
215 260 660 60
32 711 1045 1042
624 237 227 403
583 1049 362 725
54 1221 1220 278
1221 374 278 1226
140 1268 1270 1269
1596 234 1426 1420
226 1073 450 287
1608 1609 1607 971
503 1082 41 1078
1116 421 1115 804
1289 357 1413 805
417 585 715 149
361 562 27 466
349 466 113 562
349 562 113 188
113 562 422 188
349 562 361 466
562 361 80 349
255 562 80 349
255 361 80 562
255 154 361 562
567 1567 526 248
642 153 250 811
341 250 811 15
149 404 741 262
350 237 227 1173
547 1565 1600 1603
88 197 414 563
653 480 20 192
643 598 1406 253
402 275 566 330
123 402 566 9
9 506 402 566
592 522 176 359
463 247 1273 118
1130 989 102 1143
248 567 104 384
567 128 104 384
567 380 104 128
922 90 250 481
79 325 401 590
756 335 311 103
1498 313 1337 1494
215 89 587 258
118 583 725 1151
102 567 248 475
148 1063 494 641
1270 1268 717 1269
698 1154 1152 1153
969 971 23 970
285 668 216 684
1550 1028 1552 691
1213 355 152 431
147 579 24 112
1312 254 277 1313
159 349 613 7
684 78 771 773
1553 1311 1554 1341
672 596 875 883
174 1026 1431 289
1428 1026 446 1429
1245 1316 1246 199
14 1369 1050 1367
231 1464 376 767
288 904 410 961
1021 1618 1234 1619
235 1124 310 1349
41 298 1079 640
1083 257 490 977
109 532 1232 301
124 673 996 261
1083 977 490 1335
590 612 314 35
152 441 24 579
152 579 24 147
152 441 579 147
363 803 639 569
190 529 581 414
219 678 69 186
1281 641 160 924
924 1282 582 1283
1260 575 1142 297
910 1216 784 564
438 949 896 721
477 459 723 142
305 495 182 584
1286 28 122 1370
1057 312 1209 938
867 246 1556 1103
995 1378 774 459
721 33 438 949
586 104 442 248
1235 1568 344 444
344 1568 1445 444
1568 744 1235 817
343 935 609 428
343 1 935 428
1343 745 720 468
1370 257 153 413
1117 259 1207 667
417 175 632 404
474 951 950 333
589 333 205 100
626 34 396 25
320 433 616 18
433 383 616 18
1235 1568 1238 344
738 1568 1235 91
325 93 401 590
95 841 825 419
841 840 825 419
373 293 591 275
293 591 275 330
293 58 591 330
165 293 58 591
226 345 450 1073
1343 746 605 720
168 1403 1156 587
660 1403 587 445
527 729 386 189
491 116 678 537
849 801 802 606
284 920 919 1566
1392 347 85 534
477 994 1165 142
123 597 566 402
597 275 566 402
597 275 402 177
123 597 402 177
165 419 597 123
852 603 1106 1107
627 11 1439 1438
627 11 412 502
1173 237 227 624
697 291 554 27
144 341 568 601
565 341 144 601
239 194 621 577
98 601 565 420
98 341 565 601
654 581 327 190
367 400 602 119
204 602 558 367
204 122 558 602
558 122 118 602
118 122 543 602
204 462 122 602
907 562 908 7
170 717 1271 305
466 113 724 159
360 12 605 807
342 12 605 360
140 723 813 495
706 1265 395 80
630 365 99 366
127 189 607 424
127 527 607 189
786 1415 343 876
127 594 843 844
862 1375 861 572
1308 246 867 1062
472 1524 517 1393
1316 647 1246 199
1047 558 1262 701
83 407 130 611
83 611 130 433
1612 72 645 1018
367 512 61 613
367 113 512 613
151 113 367 613
151 113 613 159
1314 787 1398 87
867 1556 813 1103
356 615 105 128
406 128 105 615
406 615 105 305
615 170 105 305
176 522 781 417
592 522 40 781
176 781 592 417
486 170 356 615
356 170 105 615
361 154 27 619
392 619 27 154
1152 768 1153 434
361 154 619 562
686 159 709 470
491 678 219 537
491 116 219 678
536 618 1178 327
536 136 618 327
223 339 751 87
154 242 212 619
392 212 619 154
689 628 202 144
710 525 86 111
420 565 620 601
620 565 144 601
696 193 672 24
1201 937 1489 1488
1196 272 1190 1194
628 334 124 306
239 304 621 194
146 1171 1237 444
1341 1342 1554 1379
473 329 126 622
211 473 126 622
1237 483 390 444
1235 1236 1237 344
1247 719 1241 1244
381 1347 816 16
1411 513 1413 338
692 685 392 166
702 448 192 679
623 241 532 53
1458 1016 516 708
631 216 138 531
625 335 205 589
625 335 589 103
183 625 589 103
183 572 625 103
625 572 335 103
1494 823 1337 30
183 589 625 526
118 122 463 690
628 568 202 144
322 568 202 628
621 1188 791 378
629 294 399 197
848 1322 677 134
70 1207 1118 1117
749 138 748 373
1118 1207 421 1117
669 311 449 167
167 1481 999 1482
516 842 611 832
632 1257 1608 712
1600 1565 1601 571
447 822 1061 1060
345 533 1125 1124
1204 1071 556 1352
1124 1125 1073 235
348 5 471 633
289 123 174 702
885 1120 514 1200
56 418 448 635
205 365 639 630
205 639 365 100
639 569 365 100
639 333 569 100
205 333 639 100
1114 1115 110 804
1456 1335 1083 121
1334 977 1456 1335
92 577 30 823
329 484 37 1405
358 298 40 640
41 298 640 42
482 721 1096 129
1096 721 896 129
77 776 928 545
17 537 186 643
110 645 282 460
110 302 282 645
1402 468 1343 137
33 721 438 482
411 136 555 720
737 181 315 453
225 425 855 536
921 580 25 401
284 89 648 258
648 89 25 258
89 25 445 648
445 25 34 648
648 25 34 626
445 648 34 626
445 648 626 187
648 25 626 187
94 408 649 379
336 408 649 94
336 180 649 408
322 628 931 689
360 529 654 190
680 81 727 808
445 89 256 755
655 172 517 115
654 807 136 581
629 734 197 399
468 720 411 745
468 745 411 133
399 197 88 734
490 462 122 1335
811 1370 257 694
973 972 907 255
445 587 660 89
660 587 215 89
445 660 215 89
34 660 215 445
606 173 164 660
663 68 155 378
689 528 502 144
418 448 665 56
665 448 561 56
665 56 561 20
635 665 561 20
635 56 665 20
635 56 108 665
635 665 108 185
185 665 108 561
185 665 561 635
418 448 561 665
666 300 238 467
227 666 238 467
1074 219 542 195
150 482 541 1593
1018 72 645 1074
498 667 110 460
145 325 590 1240
428 1 352 681
254 1 428 681
28 990 1069 462
28 1069 1068 462
57 373 1011 591
242 1204 619 62
1143 669 475 1144
8 1024 393 900
63 392 685 395
1073 235 1072 348
693 466 220 349
686 210 367 400
209 260 672 60
672 260 596 60
672 441 193 596
672 260 441 596
173 441 672 260
697 554 212 27
203 487 334 673
265 203 334 673
1286 1370 413 28
1149 478 1228 1227
544 223 1490 1376
452 271 489 675
1586 1590 566 120
499 784 1412 1413
181 347 85 1249
208 410 903 84
165 58 293 676
165 58 321 679
653 679 321 192
679 653 448 192
1148 1000 406 1077
186 155 703 643
418 448 679 123
448 165 679 123
165 653 448 679
165 679 321 653
420 695 207 601
901 827 565 420
1112 73 1533 394
312 681 680 115
1023 684 435 184
254 681 428 680
428 680 681 81
681 680 352 81
428 681 352 81
1098 180 148 649
190 581 327 1321
1567 586 156 526
476 293 772 330
686 400 543 39
222 686 543 39
610 497 222 686
497 367 222 686
686 210 400 39
102 1150 567 449
4 646 1022 254
457 507 135 687
345 457 135 687
345 633 687 135
584 1378 182 1091
226 457 345 687
662 148 1281 278
403 691 236 471
299 691 403 471
299 348 691 471
1617 666 227 350
1467 1465 432 1173
1086 121 701 1141
702 123 200 9
702 123 679 200
27 291 466 697
485 311 1150 989
899 798 897 507
504 1097 811 1096
694 129 153 90
129 694 153 413
685 815 692 1562
722 540 53 180
504 1097 636 341
504 438 1097 1096
896 682 694 129
927 228 281 1288
281 1287 230 1214
113 697 422 562
699 68 161 30
447 699 161 30
17 68 161 699
627 11 1438 412
56 1430 108 665
1623 1253 351 1624
667 1533 394 909
17 239 491 699
699 239 491 68
17 699 491 68
699 239 68 621
239 577 621 699
239 92 577 699
547 700 175 309
150 980 1036 998
56 418 635 702
41 298 1232 576
894 694 122 1047
863 1065 1371 273
395 361 166 706
1519 317 1510 1512
1516 659 1517 1518
395 361 706 80
148 1064 494 1063
707 616 383 18
259 764 276 106
259 223 276 764
660 789 553 260
660 877 553 789
660 168 877 789
83 516 611 708
516 178 611 708
708 178 611 433
83 708 611 433
708 617 178 433
789 29 553 260
1546 1545 1544 750
327 618 1178 766
218 117 710 66
218 117 370 710
218 370 86 710
308 218 86 710
423 218 308 710
458 108 283 711
68 621 792 378
108 203 334 711
711 203 334 265
67 458 711 635
456 376 713 232
456 376 350 713
696 355 152 1213
1213 520 152 24
701 1086 1083 1456
520 1213 152 431
176 585 715 417
1273 247 583 118
1049 559 1272 21
518 724 610 159
220 724 518 349
518 724 159 349
726 340 884 1120
1006 141 1102 285
1269 593 182 495
332 1271 182 305
522 547 40 781
444 1445 483 797
549 219 72 718
1366 1516 74 201
327 581 618 766
1376 1490 224 1491
503 576 41 1082
722 488 53 540
162 488 53 722
162 53 94 722
722 53 94 336
408 722 94 336
162 722 94 408
463 213 894 895
457 225 425 855
220 724 814 518
70 259 1207 1117
8 800 963 297
1025 479 151 113
917 97 1152 1089
583 21 1049 1048
365 809 99 366
809 290 366 698
99 366 809 735
254 680 428 727
727 680 428 81
386 888 1501 189
1221 374 1220 278
1161 733 1339 1160
254 727 1313 680
254 428 277 727
631 940 216 531
150 482 1035 636
251 126 952 484
1057 312 938 115
681 312 1057 115
1567 586 526 248
526 249 100 730
1291 489 1293 271
860 862 861 572
978 903 1364 976
600 29 546 1017
1153 97 1152 917
677 1322 1321 134
735 434 290 31
608 735 290 31
99 735 290 608
366 698 290 735
741 740 149 262
1380 564 742 338
288 976 616 320
465 740 149 741
231 767 376 456
996 150 636 261
736 704 738 91
898 897 372 507
932 935 933 1447
102 1130 1441 1131
188 422 794 619
912 911 979 995
841 986 840 419
1608 571 1607 1609
1608 571 1609 1257
149 404 632 741
632 404 712 741
632 712 23 741
57 749 955 373
627 1439 1186 1438
627 1186 157 1438
746 268 605 720
746 268 720 745
17 239 699 1357
451 17 161 1357
117 747 524 370
117 389 747 370
466 291 1167 113
466 1167 1025 113
718 549 195 778
45 1033 889 795
1240 719 145 1244
373 591 57 749
685 1027 395 166
1570 1160 1275 846
106 276 909 1019
477 806 459 142
180 1064 649 408
728 1136 592 176
704 439 1250 744
662 1280 1539 357
923 160 924 1539
923 1539 924 582
1059 650 859 111
924 1283 582 1281
1386 782 1231 109
1075 72 1074 1076
148 1064 180 494
427 1166 762 479
698 1153 290 735
726 884 514 1120
644 1117 498 292
14 1050 673 1368
118 1040 119 725
1040 362 725 583
1319 1317 1144 1147
987 1002 304 988
551 1224 805 965
809 608 99 290
99 809 290 735
365 809 366 698
809 366 290 735
1085 890 889 891
288 1087 1485 426
1312 1313 277 727
392 650 244 1059
1597 729 1598 386
1040 558 1347 381
513 1538 1413 357
1395 517 347 181
534 517 1395 181
754 316 456 1039
1039 64 759 1598
174 1430 56 1428
1326 1323 848 1324
1092 588 1132 1133
1320 581 1321 766
337 1322 677 848
1364 903 288 976
719 1333 1246 1245
305 101 588 1093
337 414 677 1322
337 763 1322 848
563 197 414 763
704 1250 214 744
1123 1204 62 1352
1147 1317 1144 1146
502 928 661 656
963 962 953 800
502 125 928 776
456 316 232 775
840 986 597 419
949 213 896 721
461 424 523 1505
223 751 1490 87
431 351 1219 1624
1321 581 327 766
507 855 425 897
897 457 507 855
341 250 504 811
1470 1468 1472 525
592 359 905 574
285 773 216 668
285 773 668 684
851 269 1165 994
1456 1334 1086 1443
773 78 668 684
494 148 1281 662
413 1370 490 28
1136 359 592 176
1314 787 1109 1398
1071 303 111 1122
502 125 776 528
1401 156 929 956
333 354 569 951
100 951 354 730
824 785 957 368
91 744 1568 817
1568 704 744 91
705 125 776 545
705 776 77 545
354 783 951 333
1164 671 603 793
621 157 577 1438
742 910 499 338
384 845 105 356
814 724 26 518
1271 1268 332 182
1540 509 217 430
565 420 620 901
593 1104 813 1101
1232 515 41 1198
783 354 363 569
639 783 363 569
639 333 783 569
333 354 783 569
689 202 930 528
502 930 11 528
100 333 951 474
667 259 1533 106
1400 156 1401 956
1404 51 1064 379
1404 1064 649 379
1608 1601 1607 571
882 1621 828 878
963 297 251 8
941 64 759 1039
96 396 838 25
879 880 1134 905
223 787 87 276
337 414 1322 763
444 797 483 3
733 1339 1160 1571
223 415 87 787
223 415 787 764
838 396 1309 651
700 175 1257 571
797 758 658 388
133 411 555 1611
798 132 618 1178
693 361 790 466
80 361 790 693
1030 220 814 518
1044 1041 322 628
139 793 671 477
284 258 919 872
461 1505 523 75
604 1308 1307 1062
1142 76 282 297
1034 23 970 569
741 833 23 530
286 585 1128 1127
132 425 798 618
137 605 1343 342
103 1150 526 183
1605 48 1604 1603
68 792 1296 155
490 462 1335 204
1167 479 1025 113
519 952 126 953
830 259 276 1110
963 962 800 1399
363 530 803 569
803 740 465 262
803 530 99 639
1093 406 1148 105
704 214 1568 744
608 740 465 803
530 803 608 465
530 803 99 608
804 498 110 282
498 1117 804 667
1117 421 804 667
662 278 357 805
1277 717 170 305
966 965 887 143
994 912 1165 142
213 894 896 682
268 807 555 654
268 807 654 360
268 136 555 807
807 268 136 720
605 268 807 720
45 1085 889 891
1376 1626 644 916
167 1001 311 449
680 81 808 323
124 996 636 261
84 903 978 976
980 150 636 996
1330 1328 1327 134
101 588 1093 1092
1544 1543 1542 750
1603 571 1600 700
639 569 809 365
639 809 99 365
639 530 99 809
530 608 99 809
296 1261 108 203
910 784 1413 338
1408 472 114 1610
450 1073 1072 348
665 1430 108 203
1110 1533 276 909
509 216 940 674
874 218 710 939
178 516 832 842
943 941 942 759
792 1345 1296 155
661 125 545 928
400 1263 39 709
813 723 1103 495
1097 341 811 15
83 1458 516 708
1011 57 597 986
1338 620 656 207
362 545 1366 92
1147 1148 475 280
591 57 597 1011
418 95 448 825
418 448 165 825
826 265 306 98
326 265 306 826
1091 584 995 911
565 827 98 420
141 285 216 1102
1560 1558 604 893
1079 298 358 640
828 503 1079 1081
391 12 266 1354
550 501 173 829
501 164 173 829
858 1422 1414 1421
1112 830 1111 1110
433 831 130 616
433 611 130 831
833 712 262 23
363 833 530 23
363 833 803 530
1207 70 1376 259
288 1486 1485 1087
741 262 833 530
741 262 23 833
433 178 611 831
617 750 178 831
433 617 178 831
516 832 611 178
525 859 650 111
963 800 953 297
976 130 410 320
565 826 1090 827
63 834 423 154
63 409 834 154
958 238 570 713
731 570 232 958
1190 325 272 401
272 96 838 401
351 1252 1219 1253
431 1255 1219 22
179 838 651 839
165 840 591 597
1003 987 1002 304
939 218 710 492
407 842 611 516
984 160 981 924
377 1246 1579 199
690 122 13 857
296 1515 1430 1261
1423 948 1421 1426
127 324 843 594
1579 390 1065 1570
1538 752 1172 357
377 1579 145 199
387 1597 948 760
1611 720 555 268
910 1413 499 338
83 876 516 1016
758 797 214 1250
494 1063 981 641
1092 1133 182 588
168 1156 877 789
877 847 553 789
1165 806 671 477
793 1165 671 477
806 1165 459 142
1165 774 459 142
687 898 372 507
1344 1450 1248 1251
444 1235 1237 344
1220 374 148 278
1454 1437 1436 1434
115 1057 1209 938
912 979 774 995
510 1559 893 604
772 771 856 476
293 772 856 476
1344 1407 1248 1450
854 457 372 853
226 854 372 788
226 854 687 372
854 457 687 372
226 457 687 854
560 788 226 1287
690 122 857 274
1334 1335 1456 121
1086 1334 1456 121
440 1395 347 181
1169 236 968 1170
212 392 1059 111
212 392 244 1059
554 244 1059 212
871 258 429 870
819 868 1305 646
258 429 869 89
1496 1498 1494 313
221 1007 902 216
1484 711 283 1042
614 221 1008 1007
914 644 498 292
70 916 644 914
70 223 1376 259
1008 221 946 1007
201 1040 1347 381
1570 444 390 3
1310 1309 1311 664
1189 272 401 1190
1189 272 1190 1196
1505 424 523 75
396 215 1309 25
695 812 1097 811
721 682 896 129
213 13 894 682
4 637 868 646
670 684 1023 184
661 545 92 1366
284 648 919 258
873 258 870 869
1524 1523 1526 657
60 258 871 870
60 258 429 871
284 258 872 869
672 596 193 875
93 921 401 590
881 509 940 674
423 218 710 874
835 218 423 874
504 90 250 922
141 1102 216 435
921 580 401 196
600 1363 1017 769
83 343 516 876
83 786 343 876
908 562 349 7
470 159 7 975
358 828 739 878
217 509 881 674
867 1103 813 723
217 509 765 881
883 871 60 596
879 878 880 574
918 634 1606 795
48 634 1606 918
358 882 878 574
358 882 828 878
878 1622 1066 882
1192 1240 145 493
938 115 323 1489
1217 1216 910 564
299 1550 691 348
1565 1602 571 1603
1425 1414 353 1422
949 33 438 1121
949 33 1121 405
752 1280 50 357
572 6 1375 335
288 961 410 903
1239 35 325 1240
1057 312 1210 1209
80 790 1507 693
607 1501 75 1502
1235 1236 1171 1237
525 263 1055 859
795 45 46 889
1305 868 1304 646
1082 109 1232 301
1349 235 1348 310
431 1219 398 22
1502 75 424 1505
1560 246 1558 1557
1211 1025 291 1167
382 980 636 996
1308 246 1558 1560
671 1559 430 139
1540 1559 430 671
604 139 1559 1558
1557 1558 1560 1561
858 353 1422 1421
1007 141 614 216
1007 614 902 216
100 589 333 950
100 950 333 474
853 855 897 132
853 457 897 855
372 457 897 853
716 1168 300 967
427 151 1025 479
777 394 393 900
900 394 393 8
519 953 126 297
1315 339 947 340
415 339 1315 340
519 962 953 963
902 614 285 216
109 1383 1233 1232
28 1068 1286 462
150 1035 980 636
879 880 905 574
945 1559 221 893
614 1006 670 285
456 906 232 552
906 731 232 552
552 906 731 959
906 578 232 731
578 906 232 775
906 387 232 775
578 387 906 775
387 760 578 906
456 387 232 906
975 159 7 349
255 562 349 907
909 259 276 106
667 909 394 106
947 1314 1315 796
1472 1474 263 525
109 1231 1383 1232
994 993 912 142
584 911 1094 995
687 233 898 913
687 913 898 507
913 899 897 507
898 913 897 507
1383 1384 1231 109
1123 1352 62 1205
1618 163 1620 1619
1586 538 1585 1589
914 1053 1303 292
826 326 98 1090
1155 501 829 801
1152 1154 698 290
284 648 25 919
940 216 531 674
284 872 919 920
1567 104 586 248
527 1414 607 189
921 919 25 580
567 1567 589 526
589 1567 156 526
284 919 25 921
284 25 648 921
648 25 187 921
648 921 187 93
1371 493 145 1065
765 509 217 1540
947 885 796 340
83 1016 516 1458
820 367 925 61
926 925 512 866
743 926 512 866
1268 1381 332 182
661 928 545 74
620 928 502 656
1380 910 499 742
1380 564 910 742
77 545 928 362
776 125 928 545
1450 1251 1391 1248
732 1380 499 1541
137 1343 605 720
932 500 933 935
1450 85 1407 439
343 932 158 935
609 1448 657 352
1150 989 102 1131
1010 1011 840 986
1426 948 1421 1420
42 44 46 1206
1560 1308 604 1062
254 637 646 1312
805 1289 357 887
932 407 131 500
407 932 131 516
407 343 932 516
1189 272 1196 1195
1248 1450 1250 758
1250 1450 1248 1407
77 362 1262 1040
1262 1040 201 381
1370 490 122 1083
485 311 183 1150
998 382 996 980
506 1051 566 200
1093 1148 406 1077
932 1 500 935
343 1 932 935
19 323 655 937
133 411 1126 533
145 1240 590 35
588 1093 280 105
1322 1320 1329 134
312 115 680 938
938 115 680 323
655 517 181 1202
1076 72 1074 718
305 406 1093 105
1575 1419 1576 1574
70 667 1117 644
792 1345 307 1296
944 813 140 723
1385 1383 1233 109
1561 1558 1560 893
902 614 221 945
614 1007 1006 141
1308 246 1560 1557
339 340 726 947
339 947 726 338
339 338 742 947
1421 948 1414 1420
1598 64 386 865
387 948 578 760
786 114 343 1415
1413 357 50 805
445 1403 755 168
408 1404 649 379
52 408 379 1404
1434 71 1436 622
100 156 950 474
100 156 589 950
54 278 662 1221
519 963 953 297
251 126 519 952
519 297 251 963
660 168 1403 445
1197 1082 1078 301
743 422 954 794
339 726 1380 338
954 1182 1183 794
688 209 369 1342
38 688 369 1342
1071 1122 556 1123
1514 1428 1430 446
269 1164 850 793
1100 252 1098 1099
1516 659 74 201
552 959 731 958
456 316 775 1039
456 1039 775 387
1597 234 948 1599
552 959 958 960
1073 235 348 633
226 345 1073 287
299 1550 229 691
1047 1083 122 204
965 805 887 143
519 964 953 962
519 952 953 964
1200 1199 514 886
885 1200 514 886
551 965 357 887
965 805 357 887
551 805 357 965
1422 948 1414 1421
965 1223 1224 1225
54 1221 662 1222
551 1223 1224 965
965 1224 805 143
227 967 300 467
227 716 967 467
227 716 300 967
632 1608 23 712
363 783 833 970
363 833 23 970
970 23 363 569
354 970 363 569
363 783 970 354
1408 472 1610 1409
908 975 7 349
1313 727 808 680
907 974 7 908
976 410 616 320
409 255 973 154
907 972 974 908
974 975 7 908
1222 1221 662 1223
903 410 288 976
288 410 616 976
1012 1365 1013 961
1417 1243 1416 1239
858 353 1414 1422
1536 1539 923 1513
1539 1280 1513 752
494 981 160 641
717 1269 182 305
1278 941 943 759
1064 51 1063 641
148 649 1064 641
649 51 1064 641
1039 941 1278 759
1239 35 1240 1242
1244 719 145 199
979 1378 774 995
1378 774 1377 979
502 689 1105 930
239 1003 491 304
36 656 988 987
36 620 988 656
988 620 194 656
1003 304 116 537
118 725 119 1151
1570 1160 846 1569
1093 588 280 1132
1093 1000 1148 1077
485 989 1150 1131
103 567 526 1150
995 1378 459 495
1151 1509 317 725
15 642 812 991
1093 588 1132 1092
993 911 912 995
124 382 636 996
124 673 382 996
1095 1094 584 1091
1326 1323 1324 383
811 1096 153 90
101 1077 1093 305
506 1051 200 785
167 999 128 406
167 449 128 999
1080 503 1079 1078
1093 1077 406 305
4 1022 1336 818
167 999 406 1000
1012 1575 1419 904
1085 889 890 44
1003 1002 1004 304
44 1085 489 890
44 45 489 1085
45 889 1085 44
70 1376 223 644
70 1376 644 916
1376 544 223 644
969 1609 1608 971
1005 410 961 903
208 410 1005 903
83 1374 1016 1458
945 221 1008 614
945 221 946 1008
905 1067 1135 879
622 1436 329 703
174 446 1428 1026
305 1093 588 105
547 1600 175 700
243 239 92 1366
239 661 92 1366
614 1119 1006 1007
1012 904 961 410
1158 797 1159 3
685 815 1027 692
1027 706 395 166
9 289 123 1014
9 1014 174 289
1014 289 123 511
9 1014 123 511
1548 1225 1224 143
1228 1340 233 1230
638 1089 197 426
1027 815 166 692
1312 277 637 1500
277 130 637 1500
553 1017 546 29
351 1253 1219 1624
947 1314 87 1315
240 1018 645 542
4 868 819 1022
1022 868 819 646
1337 822 821 30
681 680 1022 312
4 1 1022 681
4 1022 818 681
4 1 254 1022
375 1086 701 1444
1022 1 254 681
681 680 254 1022
106 276 1019 764
1103 459 593 495
723 459 1103 495
867 246 1103 723
246 1103 723 806
1103 459 723 806
684 668 1023 435
8 393 1024 297
466 291 1025 1167
451 1357 161 699
371 1127 1157 294
1516 1366 243 1433
450 1549 1550 1028
238 666 227 1617
733 1158 1571 3
863 493 273 1570
447 822 1337 30
693 790 1029 466
1029 220 1030 693
1283 582 1280 1284
148 1064 1063 641
1031 49 47 43
2 49 47 1031
921 1566 580 196
150 980 1035 1036
150 1035 1037 1036
150 482 1037 1035
552 1038 713 350
1621 163 828 878
552 960 958 1038
1038 238 958 713
552 1038 958 713
389 1479 1469 523
77 362 1040 583
77 583 1040 118
32 1041 1044 628
558 121 1047 204
558 1047 122 204
32 1042 1041 334
32 711 1042 334
711 108 1042 334
1046 1041 322 1044
79 325 1191 401
32 1045 1043 1042
1185 1188 157 1187
621 1188 378 577
621 157 1188 577
1185 1188 621 157
1185 791 621 1188
1043 1041 1046 1044
1186 1185 621 157
627 1186 621 157
77 1047 894 463
1047 122 894 463
1047 122 463 118
77 1047 463 118
1047 1040 558 118
558 122 1047 118
1286 694 413 1370
694 257 153 1370
506 120 566 1051
125 1121 1174 776
1460 1465 1173 624
1459 1465 624 230
1174 1121 705 776
125 1174 705 776
231 1464 1467 376
1459 245 1460 1465
914 915 1053 292
184 435 1023 1582
184 1023 1581 1583
670 1591 1102 1006
1586 1585 330 1590
184 59 435 1582
1223 1226 1224 1225
963 1399 800 1024
1221 1226 278 1224
965 1225 1224 1548
650 1055 1058 859
1083 1335 122 204
650 1058 1059 859
1248 388 758 1407
161 663 253 1061
1062 806 723 477
867 246 723 1062
246 806 723 1062
1250 797 214 744
493 199 145 1065
329 1405 37 598
1508 706 80 1265
80 790 1266 1507
852 1540 603 1164
1538 1172 1413 357
1172 752 1537 1513
1545 1543 1544 750
750 1543 383 1545
315 85 1250 439
1067 739 879 574
905 1067 879 574
905 359 1067 574
359 739 1067 574
1068 191 454 413
28 191 1068 413
1071 66 111 303
242 66 111 1071
204 990 1139 820
204 462 1139 990
270 857 1129 983
242 1071 111 556
1079 503 41 1078
1081 503 1079 1080
1081 828 358 1079
1550 1552 229 691
1221 278 662 1223
1125 1126 1124 533
1126 411 1124 533
1126 468 1124 411
133 468 1126 411
1335 462 122 204
167 449 1481 1001
1141 381 928 74
1038 1616 958 238
1018 72 1074 1075
1043 1045 1483 1042
1087 97 1485 1089
916 1626 644 1303
1096 129 694 90
896 694 1096 129
1376 544 1626 916
1485 97 917 1089
837 458 836 1535
1535 458 836 67
1371 590 196 599
701 1083 1047 121
41 1079 576 503
503 576 1082 1021
691 1550 1028 348
732 1380 742 339
79 590 196 1371
1371 1065 599 1180
818 1022 1336 1267
987 1084 1002 988
987 36 1084 988
656 987 36 1084
823 92 1337 30
410 1087 904 288
1364 1486 288 903
1486 904 288 903
410 1012 904 1087
677 581 1321 1322
528 776 502 1595
1092 1378 182 1133
1091 1378 182 1092
584 182 1378 495
190 581 1321 677
1012 1087 1575 904
1152 768 290 1153
1153 768 290 434
698 1152 290 1153
288 904 1486 1087
434 917 1089 638
434 1089 197 638
1091 1094 584 911
811 1096 90 541
1096 721 438 896
1000 999 406 1534
584 1091 182 1092
541 129 1096 90
504 1096 541 482
504 438 1096 482
482 721 438 1096
336 180 252 1098
504 811 541 1096
775 1598 759 386
948 1599 578 760
259 223 87 1398
787 1109 1398 276
144 601 568 1097
144 601 1097 695
601 1097 695 15
695 812 15 1097
601 341 1097 15
252 53 336 1099
1098 252 336 1099
1468 1473 1475 1471
1429 1428 1514 446
28 1286 122 462
684 668 1102 1023
670 1102 1023 684
670 285 1102 684
1006 1102 670 285
1584 1582 1583 1587
813 1103 593 495
931 930 1105 689
396 1309 651 25
852 1388 1540 1164
1117 667 498 292
1117 644 498 914
759 1108 464 865
1477 810 1479 1478
174 1428 56 289
1315 339 87 947
1477 1476 65 1475
1475 1476 65 1471
837 458 1535 67
1163 1535 67 837
1432 1026 1014 289
1315 1314 87 787
1530 47 443 795
759 942 1108 1113
1108 942 464 1113
1108 1113 464 865
759 64 1113 865
759 1113 1108 865
804 1115 110 667
70 644 1117 914
885 1056 1120 886
726 1120 514 885
726 340 1120 885
821 1494 1337 30
1110 1398 1109 276
830 259 1398 276
1110 830 1398 276
125 1121 776 528
125 405 1121 528
202 1121 405 528
1398 223 87 276
1556 1104 813 1103
345 1124 633 135
1124 345 533 135
533 411 1124 135
1124 235 1073 633
345 1124 1073 633
371 1127 149 404
1127 286 149 404
286 585 1127 149
585 294 1127 149
371 149 1127 294
1357 17 1356 451
1355 17 1359 1357
879 1134 1135 905
1137 945 946 1008
1146 475 1148 406
118 583 1151 317
852 1540 217 1106
1131 989 102 1130
1000 167 1146 406
1444 1086 701 1141
585 12 391 1354
463 1273 77 118
1529 1274 658 1528
77 1273 583 118
1147 1146 475 1148
1135 1136 1067 359
1136 359 1135 905
1136 1135 137 905
592 1136 137 905
592 359 1136 905
728 1136 137 592
137 605 1136 728
1393 472 114 1408
806 246 1558 1062
990 1138 1069 462
146 1237 390 444
204 462 602 1139
1087 1089 1485 426
1088 1087 97 1485
623 241 1140 532
623 532 1140 53
989 311 1143 669
1130 989 1143 669
1148 1000 1146 406
707 1326 337 18
938 115 1489 1201
1144 1146 475 1147
669 1146 475 1144
669 167 475 1146
1207 1490 521 259
1184 1204 62 1182
1045 711 1484 1042
1082 576 1233 1021
109 1232 1233 576
1342 1554 38 688
281 1149 287 228
1149 471 287 228
121 1335 1047 204
1335 1083 1047 204
281 1149 226 287
1380 1217 910 564
1154 1302 1301 97
1514 1430 1515 446
1533 73 460 394
174 446 1430 1428
1110 1533 909 394
296 1430 108 1261
620 502 1595 144
483 797 1158 3
733 483 1158 3
422 212 1182 619
733 483 1015 1158
1169 1276 968 1168
1529 214 658 797
687 233 1340 898
390 1161 1570 3
1162 493 863 846
199 1570 1065 493
1570 1160 1569 3
1161 733 1160 3
390 733 1161 3
1031 1206 42 43
211 799 473 1435
1539 1280 582 1513
1163 837 67 368
824 1163 67 368
824 957 1163 368
1168 968 300 967
346 1378 1377 979
224 1541 742 751
852 1164 1107 850
1164 603 1107 850
852 603 1107 1164
994 269 1165 912
269 985 1165 912
1165 985 774 912
1492 224 1541 742
793 269 1165 851
793 851 1165 477
444 647 1171 817
716 968 300 1168
691 236 1169 403
691 1169 300 403
1169 716 300 403
1169 968 300 716
691 968 300 1169
691 236 968 1169
1140 241 1480 532
1480 241 1231 532
389 594 1479 523
612 1239 187 1243
444 647 146 1171
1245 719 1247 1244
1174 1175 705 1121
536 1178 1177 327
1255 1332 1219 22
617 750 831 1543
1547 827 901 420
853 855 132 1176
855 425 1177 536
415 1315 87 787
885 886 1179 1056
1179 1056 886 966
143 1056 1179 966
966 887 1179 143
805 1179 887 143
1176 855 132 1177
855 425 132 1177
1624 1253 1219 1332
890 1290 1085 1291
1490 751 1492 742
1184 1182 62 1183
794 422 1182 619
567 104 1567 248
1031 47 1206 43
1554 369 38 688
1483 1045 1484 1042
1205 1204 62 1184
1554 1342 38 1379
1082 1233 109 1021
384 1578 757 845
1185 1187 157 1186
355 696 1440 1213
79 1191 1190 401
839 838 1189 272
272 838 1189 401
1191 325 1190 401
79 1190 1193 1194
1419 1575 1088 904
1461 1460 1462 245
1192 325 1191 79
79 1191 1193 1190
1192 1191 1193 79
1192 1193 864 79
1189 272 1195 839
1250 1450 1407 439
1393 352 1524 517
242 1123 1204 62
1191 272 1194 1190
1082 1198 41 1078
1082 1198 1078 301
1198 1078 301 1197
162 1198 301 488
496 1198 515 162
515 532 162 1198
1198 532 162 301
515 532 1198 301
633 235 1348 1349
496 41 515 1198
886 1199 514 1179
1199 887 514 1179
1199 887 1179 966
886 1199 1179 966
493 1240 145 199
1202 655 517 115
1202 323 655 115
937 323 1202 115
115 937 1201 1202
937 323 655 1202
19 937 655 1202
19 655 181 1202
242 556 212 1204
242 1204 212 619
1182 212 1204 619
242 1071 556 1204
10 1353 550 829
44 45 46 1206
242 1071 1204 1123
1457 191 454 1068
1206 47 46 43
2 47 1206 1031
52 1031 1206 496
496 1206 42 1031
42 44 1206 496
496 44 1206 489
44 45 1206 489
52 1206 489 496
305 584 182 1208
1208 584 182 1092
1208 1092 182 588
305 1208 182 588
305 1208 588 101
1208 1092 588 101
1208 1095 1092 101
101 1208 1077 305
584 1091 1208 1095
1208 1091 1092 1095
584 1091 1092 1208
1166 1025 1211 1167
1359 1357 451 1358
1487 1278 316 1279
1264 490 257 977
714 107 1212 520
107 1213 520 431
107 355 1213 431
107 355 520 1213
355 1212 520 1213
338 1289 1179 514
319 624 1214 230
1214 237 624 403
1289 514 357 887
1179 514 1289 887
281 299 560 1214
299 237 1214 403
1492 751 224 742
117 492 1218 66
117 1218 206 66
117 523 206 1218
523 461 206 1218
1218 461 206 892
523 169 461 1218
523 169 1218 492
117 492 523 1218
694 1370 122 1047
1435 1454 1436 1434
1224 805 357 551
662 1224 357 551
1223 1224 662 551
1223 278 662 1224
662 278 805 1224
662 805 357 1224
1221 1224 278 1223
121 1083 1047 1335
1549 1072 1028 348
450 1072 1549 348
109 782 1231 532
137 1343 1135 1136
1343 746 1136 342
1228 478 1230 1229
478 1227 281 927
1227 228 281 927
281 1227 1149 228
281 478 1149 1227
478 1228 1227 1229
1231 241 515 532
41 298 515 1232
664 1554 688 215
310 1351 1350 1349
576 109 1232 1082
1021 576 1233 1234
444 817 1171 1235
1082 576 109 1233
1352 1204 62 1205
358 882 574 1621
1240 1244 145 199
1249 347 1392 1251
612 1239 1243 35
325 96 187 1239
1239 96 187 385
948 729 386 1420
1242 1243 1417 1239
1365 904 1419 961
1012 904 1419 1365
1239 385 187 1243
612 325 187 1239
1318 669 1144 1317
1318 669 1143 1144
1145 669 1143 1318
1318 1317 1144 1319
858 527 1424 1421
1575 1087 1088 904
1583 1023 1581 1582
1242 35 1243 1239
1241 35 1244 719
1241 35 1240 1244
1586 330 566 1590
1245 719 1244 199
152 600 147 1252
431 152 147 1252
1317 669 1144 1146
1219 431 147 1252
719 1245 1246 199
1249 1392 85 1251
440 1392 85 534
600 546 147 1252
1393 472 1408 1394
1333 1316 1246 1245
431 1624 1219 1255
440 347 1392 534
1121 1397 33 438
1347 558 16 381
632 1257 712 404
632 175 1257 404
181 1249 85 439
315 1250 704 439
534 1395 440 181
792 378 1345 155
600 546 1252 769
152 600 1252 351
431 152 1252 351
1219 431 1252 351
600 1254 1252 351
351 1254 1252 1253
600 769 1252 1254
1249 347 85 1392
1256 941 1039 64
941 64 1256 759
1256 64 942 759
941 1256 942 759
1256 942 64 1113
1435 1436 473 1434
1260 297 211 126
473 1260 211 126
1434 1436 473 622
473 1436 329 622
799 1258 1142 1260
1260 1258 1142 575
799 1142 211 1260
799 1260 211 473
1262 558 381 701
701 381 1262 1141
1262 381 928 1141
701 1262 928 1141
74 381 928 1262
1040 558 381 1262
1047 558 1040 1262
77 362 928 1262
543 400 1263 39
1497 1495 1522 559
642 153 257 1264
1264 153 257 490
642 153 1264 490
583 1509 725 317
1510 1509 317 1151
583 1048 1509 317
1337 822 1060 821
582 1284 1513 1280
80 790 1265 1266
1337 92 447 30
1057 312 1267 1210
1057 1267 818 1210
1267 1057 818 681
1022 1267 818 681
1022 312 1267 681
1267 312 1057 681
447 822 1060 1337
463 895 1273 247
1101 593 1269 495
140 1101 1269 495
170 332 595 1271
717 1268 182 1269
1268 593 182 1269
1101 593 1268 1269
140 1101 1268 1269
1307 867 1306 1062
316 1039 1278 759
754 316 1039 1278
754 1278 1039 941
1280 278 805 357
895 982 1273 247
1273 982 705 247
1280 805 50 357
1271 1270 1268 717
717 1268 1271 182
463 895 894 1273
463 894 77 1273
259 223 1398 276
758 214 658 1529
1569 1571 1573 3
1149 1340 233 1228
1149 233 1340 687
1228 478 1340 1230
1149 478 1340 1228
281 478 1340 1149
54 1222 1451 1221
779 1412 513 1413
1279 316 376 456
767 1279 376 456
231 767 456 1279
765 1540 217 1388
662 278 1280 357
1562 524 692 308
1280 1172 752 50
924 318 1282 1281
1411 1413 784 338
1293 489 452 271
28 191 1286 1068
148 494 1281 641
1281 494 160 641
1117 1373 421 1118
1371 1192 864 79
863 493 1371 1065
599 1371 145 1065
421 1118 1373 1207
437 13 1286 270
13 857 1286 270
1371 493 863 864
1282 582 1283 1285
593 1104 1101 1382
593 1382 1101 1381
1521 642 15 250
1511 1520 1151 505
437 270 1286 191
191 1286 520 270
437 1286 413 191
437 694 413 1286
437 1286 682 694
1286 13 682 694
694 1286 13 894
1286 122 13 894
694 122 1286 894
13 857 122 1286
437 13 682 1286
927 1288 281 319
281 1288 230 319
1288 1214 230 319
319 624 1288 1214
1288 624 403 1214
1214 299 403 1288
281 299 1214 1288
281 1214 230 1288
1289 513 357 514
338 513 1289 514
1293 1294 1291 271
473 1435 799 1260
1293 1292 1291 1294
890 1290 1291 1292
890 1292 1291 1293
890 1085 1293 1291
1293 1085 489 1291
890 1085 489 1293
44 489 1293 890
621 627 1438 412
621 1438 577 412
1295 71 622 703
1295 703 622 186
186 68 307 1296
68 792 307 1296
1061 822 1297 1060
1154 97 1301 1153
256 648 187 1299
1301 97 1152 1153
184 1023 670 1580
914 1303 644 292
914 916 644 1303
1559 139 671 806
1307 1308 867 1062
1413 779 50 1172
1062 867 1306 723
179 1309 664 215
1558 139 1559 806
139 1559 430 510
1558 246 1308 1062
646 1312 208 84
179 1309 1310 664
1312 637 208 84
1341 1554 1342 688
38 1342 369 364
164 369 1554 688
664 1554 1341 688
254 277 637 1312
474 156 1400 956
415 339 87 1315
928 1444 701 1141
269 1164 1387 850
1442 1444 1086 375
617 383 433 1326
1326 383 433 18
1325 1545 1546 750
617 1543 831 383
848 134 1324 1323
848 1323 1322 134
450 1549 1028 348
1328 1329 1320 134
763 1323 848 1326
337 763 848 1326
707 763 337 1326
1321 1320 766 1329
1327 1320 1322 134
1323 1327 1322 134
1324 134 1327 1323
1324 1327 1325 1323
1324 134 1325 1327
1322 1329 1321 134
1328 766 1320 1329
1322 1320 1321 1329
1324 1323 1545 383
617 750 1543 383
617 1331 750 383
1331 1324 750 383
1326 1324 1331 383
1326 1331 617 383
1326 848 1331 1324
4 1022 819 1336
4 1336 819 818
1070 1457 454 1068
1387 1164 852 850
1037 1593 541 436
1338 620 36 656
687 1340 372 898
1340 372 226 687
1340 687 226 287
1149 1340 226 287
1149 687 1340 287
281 1340 226 1149
788 1340 226 281
788 372 226 1340
1343 746 720 745
792 1346 307 1345
792 1346 1345 378
792 1009 1346 378
16 1347 427 119
1347 119 16 558
1040 119 1347 558
1349 1124 1351 135
1021 1618 1619 163
633 235 348 1348
633 348 5 1348
633 1124 1349 135
235 1124 1349 633
1204 1071 1352 1123
310 411 468 1351
1124 411 310 1351
1349 1124 310 1351
1353 501 829 1155
1356 17 161 451
643 17 161 1356
549 17 643 1356
549 643 195 1356
778 549 195 1356
778 549 1356 1355
549 17 1356 1355
1360 1355 1359 1358
778 1355 1359 1360
211 1434 473 622
1358 1357 451 1361
553 847 1362 29
553 1362 1017 29
1112 830 1110 1533
767 1487 316 1279
201 362 1366 1040
622 71 1436 703
928 1366 74 201
1262 1366 928 201
1262 362 1366 201
1262 362 928 1366
928 545 1366 362
928 545 74 1366
661 545 1366 74
239 661 1366 74
243 239 1366 74
1370 257 490 1083
14 1368 673 997
14 1369 673 1050
1369 487 673 1050
1369 487 1050 936
1261 936 487 1369
1261 1369 487 203
203 1369 487 673
203 1369 673 261
673 1369 996 261
673 14 996 1369
296 1369 1261 203
296 936 1261 1369
413 257 490 1370
461 75 892 1564
79 325 590 1371
1192 493 145 1371
493 1192 864 1371
319 1459 624 230
1467 1464 1173 376
83 876 1016 1374
625 365 6 1375
625 6 630 1375
1092 346 1378 1133
1091 346 1378 1092
346 1091 1378 911
1378 1091 995 911
979 1378 995 911
979 346 1378 911
1378 584 995 1091
1308 246 1556 867
1268 593 1381 182
1101 593 1381 1268
1384 1383 1385 109
1443 1442 1086 375
150 1593 541 1037
1481 449 999 1001
1334 1442 1086 1443
1541 1380 499 742
224 732 1541 751
1309 396 1554 215
603 1540 852 1106
1390 1270 1271 717
1277 1390 1271 717
114 609 1393 548
609 352 1393 548
1393 352 517 548
1393 548 517 172
1598 64 759 386
114 609 472 1393
172 517 1395 534
172 1394 1395 517
472 517 1395 1394
1397 1097 33 438
172 1394 440 1395
472 517 82 1395
1395 82 347 517
350 1467 1173 376
1394 1395 1396 440
1611 411 555 720
202 568 1397 144
1397 568 1097 144
568 1097 33 1397
202 33 1397 568
1111 830 1398 1110
1111 1398 1109 1110
667 1533 909 106
1156 1532 877 789
1532 847 877 789
137 1402 1134 1135
137 1343 1402 1135
474 156 950 1400
923 1539 582 1513
1538 752 1537 1172
513 779 1413 1538
1536 752 1539 1513
408 1064 649 1404
1065 1570 273 493
439 1249 85 1407
1407 1249 85 1251
54 1220 1453 278
1407 1249 1251 1344
1248 1407 758 1250
758 1407 797 1250
1250 1407 797 744
733 1571 1160 3
439 1407 1250 744
54 1453 1220 1452
1414 386 607 189
1411 514 513 726
1411 726 513 338
1413 805 50 1280
564 1411 784 338
564 726 1411 338
1410 1411 1412 784
139 1558 604 477
1558 1308 1560 1062
1413 1172 50 357
779 1412 1413 50
1410 1411 513 1413
1489 115 323 937
48 1606 1603 1605
1420 729 386 527
858 1421 1414 527
729 1598 386 865
1418 35 1243 1242
1376 223 1490 259
1421 1423 1422 948
234 578 1423 948
370 1472 650 525
1472 263 650 525
1479 324 1477 1469
127 1425 324 607
127 1425 607 1414
127 1425 1414 527
1425 858 1414 527
127 858 1425 527
127 843 1425 858
843 353 1425 858
1425 353 1414 858
843 324 1425 594
127 843 324 1425
594 324 1425 1427
594 324 1427 810
830 259 1110 1533
1430 296 108 203
458 1430 108 56
174 1430 458 56
174 446 458 1430
458 446 108 1430
289 1026 1431 1432
1366 243 1433 92
1433 239 92 243
1357 239 1433 243
1357 239 699 1433
699 239 92 1433
201 1517 1516 659
811 812 15 1521
1437 71 1436 1434
1434 71 622 1437
1441 669 1143 1145
1130 669 1441 1145
1130 669 1143 1441
102 1130 1143 1441
167 449 999 1481
444 744 1445 797
1445 214 797 744
1442 121 1086 1141
1334 121 1086 1442
928 1444 1141 74
1442 1141 1086 1444
167 1482 999 1000
1237 344 1445 444
1237 1445 483 444
207 1444 928 74
207 375 928 1444
928 375 701 1444
199 1246 1579 647
845 1446 105 356
1446 595 105 356
932 1447 933 158
932 935 1447 158
1250 85 1450 439
935 1448 158 609
935 352 1448 609
935 1449 158 1448
1524 352 657 517
935 1447 158 1449
1344 1407 1450 1251
1453 557 1220 1452
54 1451 1452 1221
54 1452 1220 1221
1453 1220 148 278
1453 148 662 278
54 1453 662 278
252 180 557 1453
252 1453 557 1220
252 1453 1220 1098
1098 1453 1220 148
1098 180 1453 148
148 180 1453 494
1453 148 494 662
252 180 1453 1098
1455 400 274 1263
543 1263 1455 39
543 400 1455 1263
543 122 1455 400
1557 246 1556 1308
396 164 1554 215
1524 657 82 517
432 1214 1465 230
1459 1460 624 1465
1052 1461 1464 1173
1052 1173 1464 376
1464 1465 1467 1173
1461 245 1465 1173
632 1600 1608 1257
1463 1461 1462 245
1461 1465 1464 1173
1461 245 1464 1465
245 1465 1173 1460
231 376 1467 456
1464 1461 1463 245
1052 1461 1463 1464
1465 237 624 1214
432 237 1465 1214
231 1464 1466 1467
1464 1465 1466 1467
1466 1465 432 1467
117 1469 389 370
117 389 1469 523
782 1480 1231 532
1140 1480 782 532
1469 1470 389 370
1470 1471 1468 1469
1470 65 1471 1469
1471 1475 1468 1469
1469 1479 324 523
1471 1477 1475 1469
1471 65 1475 1477
1472 1471 1473 1468
1471 65 1477 1469
594 324 810 1479
1479 324 810 1477
1477 1478 65 1476
1231 1480 782 1386
1447 933 158 1627
1447 1627 158 1449
1088 1087 1485 904
1501 1503 75 1502
1202 937 1488 1203
1202 937 1201 1488
544 1490 224 1376
1490 224 1491 1492
1207 1376 521 1490
224 751 1490 544
1490 751 223 544
313 823 1496 1495
1614 865 464 888
386 865 464 1614
92 1495 313 1497
313 1495 1496 1497
358 298 1621 40
1497 171 1495 559
92 171 1497 559
92 171 1495 1497
607 189 1499 424
1504 1503 1501 1502
386 1614 464 888
386 1614 888 189
637 130 208 1500
130 410 208 1500
1500 410 208 84
637 1500 208 84
1312 1500 637 84
84 1500 410 903
1500 976 410 903
84 976 1500 903
1500 130 410 976
1500 130 976 320
1500 130 320 277
523 127 1502 424
424 127 1502 607
1502 127 324 607
523 127 324 1502
607 1499 1502 424
607 1499 1504 1502
607 1504 1501 1502
863 1570 273 846
921 1566 919 580
607 1499 1501 1504
284 1566 919 921
547 1603 700 309
461 75 1564 1505
361 1508 80 790
1508 1265 80 790
361 706 80 1508
1265 790 1508 1506
583 1048 725 1509
1511 505 1151 497
1513 1172 752 1280
1106 1540 217 430
118 1511 119 222
118 317 1151 1511
1511 317 1151 1510
1284 1172 1513 1280
1523 657 1527 1526
118 1151 119 1511
74 1516 243 659
74 1366 243 1516
381 201 659 1517
381 201 1517 816
1511 317 1510 1519
811 642 1521 250
1521 812 15 642
257 153 1521 811
1521 153 642 811
1524 1526 1525 657
139 806 1558 477
609 1523 657 1448
1511 1510 1151 1520
812 1521 1264 991
1521 642 1264 991
812 642 1521 991
1521 257 1264 642
257 153 642 1521
1497 1495 1496 1522
1522 313 1496 1497
472 609 1524 1393
609 352 1524 1393
517 657 82 1525
1524 1525 82 657
1528 1274 658 1159
1015 1274 1528 1159
49 0 47 1530
309 683 634 1530
683 443 1530 42
1530 443 43 42
1530 640 683 42
309 640 683 1530
634 1531 1530 795
1531 47 1530 795
1531 0 1530 47
1531 0 49 1530
852 1388 217 1540
732 1380 1541 742
1539 1280 752 357
1539 278 1280 662
160 1281 1539 662
160 924 1539 1281
1281 278 1539 662
1539 924 582 1281
1324 1545 750 383
143 966 1548 1056
178 832 831 1542
299 450 1550 348
178 1542 831 1543
1324 1325 750 1545
1565 1602 1601 571
969 1608 23 971
1565 1605 1604 1603
547 1605 1565 1603
683 443 1606 1530
547 1605 1603 309
1550 1551 1552 1028
1448 1555 1523 657
1553 1311 1341 664
1038 1617 713 350
713 1617 227 350
1389 1311 1553 664
685 1562 692 308
384 104 757 1578
510 139 1559 604
1559 221 946 945
1559 221 430 946
509 221 430 1559
509 1559 430 1540
1505 75 1563 1503
1605 1606 1603 309
547 1606 1605 309
1565 1604 1602 1603
1603 634 700 309
956 1567 929 586
956 156 1567 586
956 156 929 1567
104 929 380 1567
380 104 1567 567
1065 390 1181 1570
390 1161 1181 1570
1570 1161 1181 1275
1570 1275 1181 273
1065 1181 273 1570
1161 1160 1275 1570
863 493 1570 846
1012 1419 1574 1365
1012 1419 1575 1574
990 820 1577 1139
990 1577 1138 1139
384 1578 845 356
1578 356 384 128
104 1578 384 128
104 380 1578 128
1578 380 486 128
1578 486 356 128
104 380 486 1578
199 647 1579 444
377 146 1579 1246
1585 538 330 1584
184 1023 1580 1581
184 670 1581 1580
1584 59 330 78
538 59 1584 1582
184 59 1584 78
1586 1589 1585 1590
476 1584 330 78
184 1023 1583 1582
1589 538 1585 1588
1588 538 1584 1587
184 1582 1583 1584
538 59 330 1584
402 1586 566 120
402 330 566 1586
402 1586 275 330
1586 59 275 330
1586 59 330 538
1585 1586 330 538
402 59 275 1586
670 1580 1102 1591
399 1594 652 294
1594 198 652 294
1594 1157 198 294
399 1157 1594 294
1097 1595 1397 144
202 1397 1595 144
202 1595 528 144
202 1397 528 1595
528 776 1595 1397
207 928 695 1595
207 1595 695 620
207 928 1595 620
948 1598 775 386
948 1597 1598 386
948 387 1598 1597
948 387 775 1598
387 1598 1039 775
1039 1598 759 775
781 175 547 1600
417 1600 632 175
632 175 1600 1257
1600 175 571 1257
781 175 1600 417
1608 1257 1609 712
1608 1609 969 712
133 411 1611 720
133 720 1611 745
547 683 1606 309
1606 634 309 683
1606 443 634 1530
683 1606 634 1530
1606 634 1603 309
918 1606 443 795
1606 634 443 795
1608 1600 1601 571
1501 189 1613 1499
1613 1504 1501 1499
888 1504 1613 1499
888 1504 1501 1613
1501 189 888 1613
729 1614 386 189
1614 1615 888 1613
1614 865 888 1615
1038 960 958 1616
1038 238 713 1617
713 238 227 1617
1038 1616 238 1617
1621 163 1620 1618
358 298 1618 1621
1618 163 828 1621
878 1621 1622 882
1021 1618 163 828
503 1618 1021 828
503 1079 1618 828
1079 1618 828 358
1079 298 1618 358
1079 298 576 1618
503 1079 576 1618
503 1618 576 1021
1021 576 1234 1618
358 1621 574 40
1254 1253 351 1623
878 163 1622 1621
1621 163 1622 1620
1481 1001 999 1625
1481 1625 999 1482
