2.980698585475634559e+02
1.239131395331805834e+02
1.562792074869239300e+01
9.746034717832962713e+00
1.662496506484549386e+00
1.137441423349960123e+00
6.402330221245114972e-01
3.614319649225390951e-01
8.146679426190696349e-02
4.682434317858076567e-02
1.608061491172336349e-02
1.092188046353521902e-02
5.247349487691536571e-03
3.921896885360876862e-03
2.547705700339136878e-03
1.964564636436487519e-03
1.263018882352749759e-03
9.973633977402561208e-04
9.137806218002757610e-04
4.867168263797306432e-04
4.300461701800560913e-04
3.438189439265083207e-04
3.024884727417281502e-04
2.595842564108398671e-04
2.090991814791852746e-04
1.973597424933135557e-04
1.856758898287510747e-04
1.705552495598013953e-04
1.696087371562810236e-04
1.652833085606437340e-04
1.639795655218227537e-04
1.630761523662323513e-04
1.621527653982407339e-04
1.606416158110599642e-04
1.590946190095020817e-04
1.572104622738987063e-04
1.563189021727163239e-04
1.535279156789724612e-04
1.528168129470000905e-04
1.520612183930025686e-04
1.510020784644995346e-04
1.501798918310095544e-04
1.491284291385560430e-04
1.475168495488292223e-04
1.468878159571175243e-04
1.456772227130140275e-04
1.385127139091674913e-04
1.325786603121336424e-04
1.149649996801945060e-04
9.031784509168443956e-05
6.815299921968811874e-05
5.108815257650661443e-05
3.966679177764773496e-05
3.128169789129018241e-05
1.942323139350576980e-05
1.348423736234643924e-05
1.114572256437476885e-05
1.009694271761218597e-05
7.321057295585038748e-06
5.474542064981494313e-06
8.162000733221588864e-08
2.553096963876067276e-14
2.553096963876067276e-14
2.553096963876067276e-14
