27
33
92
94
113
140
145
177
178
219
220
221
224
238
245
259
280
281
282
290
298
303
310
316
321
323
333
341
354
362
364
387
395
410
413
414
438
440
441
442
468
487
496
535
554
558
559
573
574
575
590
594
596
608
613
616
621
639
648
649
651
663
668
686
689
694
708
713
718
757
773
782
792
795
824
834
835
837
838
839
840
855
858
879
890
896
899
904
907
914
917
924
935
946
964
971
975
979
984
1009
1068
1073
1080
1085
1096
1099
1101
1102
1112
1131
1144
1146
1153
1165
1167
1168
1188
1208
1228
1232
1234
1249
1251
1256
1265
1291
1301
1305
1312
1317
1331
1336
1338
1348
1350
1357
1368
1374
1383
1424
1428
1430
1432
1441
1449
1473
1479
1486
1505
1512
1524
1536
1568
1600
1605
1611
1633
1655
1657
1659
1674
1685
1695
1696
1706
1762
1768
1771
1778
1780
1781
1784
1814
1821
1844
1850
1851
1865
1870
1871
1879
1902
1911
1921
1936
1940
1943
1946
1950
1979
1980
1981
1998
1999
2014
2033
2053
2075
2079
2091
2096
2103
2119
2120
2126
2128
2139
2141
2150
2159
2166
2169
2171
2172
2185
2188
2196
2199
2221
2233
2238
2292
2296
2306
2307
2308
2313
2314
2315
2316
2320
2338
2351
2366
2368
2376
2396
2398
2405
2414
2422
2426
2428
2450
2459
2468
2498
2510
2512
2513
2523
2538
2553
2575
2587
2615
2622
2630
2646
2655
2662
2663
2694
2695
2698
2702
2704
2706
2730
2733
2735
2744
2761
2762
2763
2764
2772
2775
2778
2780
2810
2812
2814
2815
2817
2823
2826
2829
2831
2844
2877
2881
2887
2897
2900
2903
2905
2906
2908
2909
2913
2929
2943
2975
2981
2998
3002
3009
3016
3035
3044
3065
3070
3095
3114
3126
3149
3216
3228
3239
3246
3267
3275
3293
3296
3298
3304
3305
3311
3314
3326
3334
3340
3342
3360
3374
3392
3404
3420
3447
3450
3453
3471
3476
3480
3493
3494
3499
3501
3511
3517
3561
3581
3583
3609
3622
3635
3638
3641
3645
3676
3689
3692
3695
3699
3704
3709
3714
3715
3718
3719
3725
3738
3747
3749
3752
3753
3773
3779
3785
3829
3839
3851
3854
3874
3892
3893
3899
3918
3931
3938
3960
3975
3981
3986
3989
4000
4009
4015
4029
4039
4042
4048
4049
4079
4082
4086
4107
4108
4115
4116
4121
4133
4134
4148
4153
4155
4177
4180
4212
4220
4225
4231
4248
4250
4260
4286
4288
4292
4299
4320
4321
4331
4341
4342
4346
4349
4359
4360
4361
4365
4366
4379
4393
4397
4398
4400
4406
4424
4437
4441
4460
4461
4488
4497
4513
4521
4552
4556
4561
4570
4571
4583
4590
4602
4614
4627
4629
4631
4653
4659
4679
4693
4710
4712
4717
4726
4735
4738
4750
4752
4764
4765
4769
4783
4786
4789
4801
4804
4819
4871
4910
4922
4924
4939
4951
4958
4960
4974
5029
5094
5137
5159
5175
5198
5202
5212
5238
5244
5251
5267
5284
5285
5286
5296
5304
5315
5330
5340
5354
5364
5373
5376
5381
5386
5401
5405
5417
5418
5428
5433
5454
5457
5460
5476
5485
5489
5493
5498
5532
5543
5544
5568
5590
5604
5659
5671
5680
5683
5697
5704
5710
5727
5741
5757
5764
5805
5824
5826
5860
5874
5888
5891
5897
5900
5912
5916
5939
5957
5989
5993
6035
6049
6114
6121
6123
6151
6166
6171
6173
6294
6303
6326
6333
6361
6522
6529
6553
6564
6567
6595
6615
6646
6647
6648
6652
6686
6691
6711
6732
6845
6944
6946
7026
7049
7079
7098
7100
7114
7115
7157
7160
7212
7213
7214
7220
7225
7301
7302
7303
7304
7392
7531
7611
7624
7627
7672
7698
7764
7768
7808
7817
7842
7871
7872
7966
7996
8006
8013
8096
8118
8140
8146
8159
8191
8222
8223
8226
8242
8257
8272
8292
8302
8306
8308
8324
8335
8336
8357
8361
8374
8409
8416
8432
8459
8478
8492
8494
8537
8554
8556
8587
8609
8657
8674
8684
8691
8703
8710
8717
8740
8764
8769
8781
8793
8796
8798
8803
8806
8809
8829
8836
8841
8863
8872
8874
8878
8915
8918
8923
8938
8950
8956
8966
8975
8978
8991
9004
9010
9019
9021
9024
9047
9053
9075
9076
9077
9089
9092
9113
9114
9120
9156
9173
9179
9183
9184
9214
9224
9256
9257
9262
9280
9284
9286
9293
9296
9300
9305
9314
9323
9327
9334
9338
9371
9374
9380
9387
9390
9402
9407
9409
9414
9431
9440
9446
9449
9456
9457
9464
9486
9490
9507
9513
9522
9530
9532
9538
9630
9675
9682
9694
9695
9696
9738
9749
9773
9801
9802
9807
9816
9825
9838
9844
9868
9872
9873
9889
9905
9907
9910
9925
9931
9932
9936
9950
9982
9990
10022
10024
10035
10043
10045
10049
10055
10058
10060
10082
10085
10091
10107
10142
10146
10198
10201
10209
10210
10218
10225
10228
10233
10240
10244
10285
10292
10318
10339
10359
10361
10404
10415
10419
10430
10440
10457
10465
10493
10560
10568
10578
10583
10584
10607
10609
10612
10616
10619
10646
10672
10680
10684
10688
10694
10698
10728
10742
10758
10763
10768
10769
10816
10825
10843
10853
10859
10889
10922
10938
10939
10950
10955
10965
10970
10979
11015
11017
11028
11074
11076
11096
11139
11147
11149
11152
11170
11178
11260
11261
11265
11295
11302
11320
11325
11334
11335
11355
11389
11399
11414
11423
11425
11427
11455
11461
11465
11476
11486
11490
11498
11517
11521
11522
11535
11599
11609
11613
11634
11644
11670
11679
11694
11698
11702
11715
11716
11752
11760
11765
11787
11788
11803
11806
11823
11830
11835
11848
11860
11892
11898
11906
11908
11919
11929
11941
11944
11952
11958
11962
11967
11999
12014
12038
12090
12099
12112
12161
12218
12236
12246
12249
12258
12268
12281
12288
12301
12309
12312
12317
12319
12347
12351
12362
12365
12384
12438
12462
12472
12488
12500
12516
12533
12535
12569
12582
12590
12626
12628
12638
12668
12708
12763
12787
12800
12804
12806
12807
12830
12852
12857
12864
12877
12912
12917
12923
12938
12951
13006
13009
13019
13024
13026
13034
13044
13061
13076
13077
13083
13088
13142
13179
13193
13206
13211
13248
13254
13288
13307
13325
13374
13398
13433
13439
13440
13448
13463
13466
13482
13495
13504
13592
13593
13616
13627
13638
13661
13667
13676
13688
13690
13695
13699
13703
13707
13729
13741
13774
13804
13862
13887
13892
13895
13896
13914
13925
13986
13992
14000
14022
14043
14094
14113
14130
14135
14142
14143
14145
14156
14203
14206
14210
14216
14274
14293
14295
14318
14337
14341
14370
14374
14380
14392
14403
14405
14406
14420
14429
14435
14444
14453
14454
14455
14457
14468
14471
14487
14488
14493
14512
14521
14538
14545
14565
14573
14574
14610
14617
14634
14659
14674
14690
14692
14694
14695
14711
14712
14716
14736
14748
14770
14787
14788
14826
14828
14833
14835
14842
14843
14856
14866
14893
14904
14905
14913
14953
14954
14957
14963
14984
15000
15001
15004
15022
15031
15060
15079
15117
15131
15135
15151
15157
15168
15173
15176
15183
15197
15214
15262
15294
15314
15328
15334
15351
15360
15477
15489
15505
15511
15525
15541
