511 1
27
135
197
221
318
693
761
779
785
1056
1087
1209
1404
1438
1546
1628
2026
2096
2104
2249
2265
2443
2483
2497
2500
2899
3043
3190
3270
3375
3399
3523
3727
3858
3883
3994
4031
4510
4515
4547
4679
4705
5194
5240
5673
5700
6065
6144
6355
6369
6376
6440
6678
6769
7119
7122
7406
7495
7535
7840
7868
8025
8201
8246
8277
8482
8514
8523
8554
9399
9569
9752
9824
10006
10413
10415
10421
10698
10988
11008
11042
11070
11201
11264
11319
11555
11691
12115
12174
12187
12301
12315
12529
12554
12566
12623
12895
12961
13017
13093
13373
13722
13877
14358
14647
14754
15155
15408
15519
15609
15626
15702
15777
15878
16243
16267
16300
16328
16407
16428
16487
16578
16824
17068
17132
17304
17533
17537
17646
17658
17770
17958
18004
18027
18201
18295
18445
18505
18508
18588
18807
19335
19379
19380
19392
19704
19706
19865
19944
19968
20270
20383
20392
20480
20511
20835
20972
21619
21730
21823
21985
22060
22170
22216
22248
22466
22517
22733
22777
22919
23006
23327
23332
23421
23428
23848
23965
24198
24427
24504
24545
24683
24708
25193
25579
25608
25736
25825
26009
26020
26106
26145
26257
26297
26330
26331
26472
26613
26650
26926
27056
27224
27469
27687
27963
28187
28358
28613
28921
28981
29035
29094
29150
29247
29341
29549
29586
29761
29804
29883
29985
30122
30263
30446
30497
30541
30544
30630
30900
31126
31187
31573
31807
31837
31851
31918
32015
32254
32465
32840
33050
33318
33458
33565
33591
33676
33678
33897
33937
34135
34274
34444
34548
34549
34710
35102
35127
35134
35268
35304
35320
35330
35447
35531
36047
36048
36065
36069
36149
36345
36346
36487
36646
36701
36713
36719
36779
37032
37121
37485
37648
37943
38034
38173
38202
38365
38400
38908
39042
39063
39066
39070
39083
39151
39389
39495
39664
39667
39688
39811
39882
39888
40184
40261
40338
40339
40361
40613
40658
40682
40740
40775
40861
40925
41300
41761
41821
41875
42072
42158
42201
42268
42389
42578
42704
42826
42841
42851
43195
43276
43299
43347
43397
43493
43494
43686
44034
44058
44238
44509
44556
44588
44627
44824
44886
44896
44948
45346
45347
45655
45943
45945
45946
45947
46298
46435
46870
47065
47066
47199
47400
47483
47485
47494
47509
47694
47699
47843
47849
47851
47865
47866
48122
48185
48523
48682
49045
49046
49053
49134
49236
49417
49422
49648
49651
49671
49672
49799
49977
50174
50175
50233
50345
50572
50856
50999
51285
51287
51295
51301
51527
51538
52117
52196
52459
52492
52590
52745
52753
52766
52996
53226
53458
53491
53541
53630
53722
53821
53962
54068
54069
54120
54182
54578
55638
55712
56062
56064
56620
56633
56768
56772
56908
57242
57531
58867
58873
59240
59251
59378
59761
59765
59961
60131
60319
60354
60377
60420
60637
61306
61472
62218
62222
62624
62626
62740
62813
62817
62819
63204
63211
63246
63539
63608
63847
63965
64119
64137
64140
64143
64281
64354
64447
64537
64543
64634
64639
64712
65004
65147
65292
65380
65496
65799
65807
66171
66521
66526
66693
66913
66917
66926
66930
67222
67376
67479
67480
67495
67498
67576
67632
68105
68214
68757
68945
68948
69090
69129
69228
69996
70277
